0.999924421 0.000447546 0.012284838 -0.005925865 -0.000621786 0.999899209 0.014183142 0.009085944 -0.012277252 -0.014189710 0.999823928 0.000443679
0.999924421 0.000447546 0.012284838 -0.005925865 -0.000621786 0.999899209 0.014183142 0.009085944 -0.012277252 -0.014189710 0.999823928 0.000443679
0.999924421 0.000447546 0.012284838 -0.005925865 -0.000621786 0.999899209 0.014183142 0.009085944 -0.012277252 -0.014189710 0.999823928 0.000443679
0.999924421 0.000447546 0.012284838 -0.005925865 -0.000621786 0.999899209 0.014183142 0.009085944 -0.012277252 -0.014189710 0.999823928 0.000443679
0.999924421 0.000447546 0.012284838 -0.005925865 -0.000621786 0.999899209 0.014183142 0.009085944 -0.012277252 -0.014189710 0.999823928 0.000443679
0.999924421 0.000447546 0.012284838 -0.005925865 -0.000621786 0.999899209 0.014183142 0.009085944 -0.012277252 -0.014189710 0.999823928 0.000443679
0.999924421 0.000447546 0.012284838 -0.005925865 -0.000621786 0.999899209 0.014183142 0.009085944 -0.012277252 -0.014189710 0.999823928 0.000443679
0.999924421 0.000447546 0.012284838 -0.005925865 -0.000621786 0.999899209 0.014183142 0.009085944 -0.012277252 -0.014189710 0.999823928 0.000443679
0.999924421 0.000447546 0.012284838 -0.005925865 -0.000621786 0.999899209 0.014183142 0.009085944 -0.012277252 -0.014189710 0.999823928 0.000443679
0.999924421 0.000447546 0.012284838 -0.005925865 -0.000621786 0.999899209 0.014183142 0.009085944 -0.012277252 -0.014189710 0.999823928 0.000443679
0.999924421 0.000447546 0.012284838 -0.005925865 -0.000621786 0.999899209 0.014183142 0.009085944 -0.012277252 -0.014189710 0.999823928 0.000443679
0.999924421 0.000447546 0.012284838 -0.005925865 -0.000621786 0.999899209 0.014183142 0.009085944 -0.012277252 -0.014189710 0.999823928 0.000443679
0.999924421 0.000447546 0.012284838 -0.005925865 -0.000621786 0.999899209 0.014183142 0.009085944 -0.012277252 -0.014189710 0.999823928 0.000443679
0.999924421 0.000447546 0.012284838 -0.005925865 -0.000621786 0.999899209 0.014183142 0.009085944 -0.012277252 -0.014189710 0.999823928 0.000443679
0.999924421 0.000447546 0.012284838 -0.005925865 -0.000621786 0.999899209 0.014183142 0.009085944 -0.012277252 -0.014189710 0.999823928 0.000443679
0.999924421 0.000447546 0.012284838 -0.005925865 -0.000621786 0.999899209 0.014183142 0.009085944 -0.012277252 -0.014189710 0.999823928 0.000443679
0.999924421 0.000447546 0.012284838 -0.005925865 -0.000621786 0.999899209 0.014183142 0.009085944 -0.012277252 -0.014189710 0.999823928 0.000443679
0.999924421 0.000447546 0.012284838 -0.005925865 -0.000621786 0.999899209 0.014183142 0.009085944 -0.012277252 -0.014189710 0.999823928 0.000443679
0.999924421 0.000447546 0.012284838 -0.005925865 -0.000621786 0.999899209 0.014183142 0.009085944 -0.012277252 -0.014189710 0.999823928 0.000443679
0.999924421 0.000447546 0.012284838 -0.005925865 -0.000621786 0.999899209 0.014183142 0.009085944 -0.012277252 -0.014189710 0.999823928 0.000443679
0.999924421 0.000447546 0.012284838 -0.005925865 -0.000621786 0.999899209 0.014183142 0.009085944 -0.012277252 -0.014189710 0.999823928 0.000443679
0.999924421 0.000447546 0.012284838 -0.005925865 -0.000621786 0.999899209 0.014183142 0.009085944 -0.012277252 -0.014189710 0.999823928 0.000443679
0.999924421 0.000447546 0.012284838 -0.005925865 -0.000621786 0.999899209 0.014183142 0.009085944 -0.012277252 -0.014189710 0.999823928 0.000443679
0.999924421 0.000447546 0.012284838 -0.005925865 -0.000621786 0.999899209 0.014183142 0.009085944 -0.012277252 -0.014189710 0.999823928 0.000443679
0.999924421 0.000447546 0.012284838 -0.005925865 -0.000621786 0.999899209 0.014183142 0.009085944 -0.012277252 -0.014189710 0.999823928 0.000443679
0.999924421 0.000447546 0.012284838 -0.005925865 -0.000621786 0.999899209 0.014183142 0.009085944 -0.012277252 -0.014189710 0.999823928 0.000443679
0.999924421 0.000447546 0.012284838 -0.005925865 -0.000621786 0.999899209 0.014183142 0.009085944 -0.012277252 -0.014189710 0.999823928 0.000443679
0.999924421 0.000447546 0.012284838 -0.005925865 -0.000621786 0.999899209 0.014183142 0.009085944 -0.012277252 -0.014189710 0.999823928 0.000443679
0.999924421 0.000447546 0.012284838 -0.005925865 -0.000621786 0.999899209 0.014183142 0.009085944 -0.012277252 -0.014189710 0.999823928 0.000443679
0.999924421 0.000447546 0.012284838 -0.005925865 -0.000621786 0.999899209 0.014183142 0.009085944 -0.012277252 -0.014189710 0.999823928 0.000443679
0.999924421 0.000447546 0.012284838 -0.005925865 -0.000621786 0.999899209 0.014183142 0.009085944 -0.012277252 -0.014189710 0.999823928 0.000443679
0.999924421 0.000447546 0.012284838 -0.005925865 -0.000621786 0.999899209 0.014183142 0.009085944 -0.012277252 -0.014189710 0.999823928 0.000443679
0.999924421 0.000447546 0.012284838 -0.005925865 -0.000621786 0.999899209 0.014183142 0.009085944 -0.012277252 -0.014189710 0.999823928 0.000443679
0.999924421 0.000447546 0.012284838 -0.005925865 -0.000621786 0.999899209 0.014183142 0.009085944 -0.012277252 -0.014189710 0.999823928 0.000443679
0.999924421 0.000447546 0.012284838 -0.005925865 -0.000621786 0.999899209 0.014183142 0.009085944 -0.012277252 -0.014189710 0.999823928 0.000443679
0.999924421 0.000447546 0.012284838 -0.005925865 -0.000621786 0.999899209 0.014183142 0.009085944 -0.012277252 -0.014189710 0.999823928 0.000443679
0.999924421 0.000447546 0.012284838 -0.005925865 -0.000621786 0.999899209 0.014183142 0.009085944 -0.012277252 -0.014189710 0.999823928 0.000443679
0.999924421 0.000447546 0.012284838 -0.005925865 -0.000621786 0.999899209 0.014183142 0.009085944 -0.012277252 -0.014189710 0.999823928 0.000443679
0.999924421 0.000447546 0.012284838 -0.005925865 -0.000621786 0.999899209 0.014183142 0.009085944 -0.012277252 -0.014189710 0.999823928 0.000443679
0.999924421 0.000447546 0.012284838 -0.005925865 -0.000621786 0.999899209 0.014183142 0.009085944 -0.012277252 -0.014189710 0.999823928 0.000443679
0.999924421 0.000447546 0.012284838 -0.005925865 -0.000621786 0.999899209 0.014183142 0.009085944 -0.012277252 -0.014189710 0.999823928 0.000443679
0.999924421 0.000447546 0.012284838 -0.005925865 -0.000621786 0.999899209 0.014183142 0.009085944 -0.012277252 -0.014189710 0.999823928 0.000443679
0.999924421 0.000447546 0.012284838 -0.005925865 -0.000621786 0.999899209 0.014183142 0.009085944 -0.012277252 -0.014189710 0.999823928 0.000443679
0.999924421 0.000447546 0.012284838 -0.005925865 -0.000621786 0.999899209 0.014183142 0.009085944 -0.012277252 -0.014189710 0.999823928 0.000443679
0.999924421 0.000447546 0.012284838 -0.005925865 -0.000621786 0.999899209 0.014183142 0.009085944 -0.012277252 -0.014189710 0.999823928 0.000443679
0.998544395 -0.052609760 0.011882111 0.026519131 0.050723247 0.990898669 0.124686748 -0.231974274 -0.018333718 -0.123902559 0.992124915 -0.149196967
0.998847544 -0.045883141 0.014075942 0.013473203 0.043674763 0.990582049 0.129767358 -0.245749056 -0.019897506 -0.129003063 0.991444409 -0.167270288
0.998648643 -0.049781024 0.014925525 0.008106836 0.047378678 0.990090668 0.132195011 -0.259793639 -0.021358460 -0.131309226 0.991111338 -0.177031428
0.998813272 -0.047238920 0.011847654 -0.008999974 0.045400977 0.991179168 0.124508671 -0.281663865 -0.017624807 -0.123823039 0.992147744 -0.193469346
0.999158025 -0.041019402 0.000891194 -0.017511941 0.040603142 0.991673887 0.122206226 -0.294281900 -0.005896613 -0.122067139 0.992504358 -0.205118492
0.999400020 -0.033974938 -0.006740510 -0.029753039 0.034559764 0.991102993 0.128532797 -0.307803780 0.002313614 -0.128688604 0.991682291 -0.223059714
0.999409437 -0.029617827 -0.017431110 -0.031903282 0.031748556 0.989871562 0.138370410 -0.321585685 0.013156325 -0.138842076 0.990227103 -0.234906286
0.999409795 -0.024961587 -0.023605213 -0.030547637 0.028128104 0.989024937 0.145047024 -0.328672439 0.019725516 -0.145625383 0.989143193 -0.242826387
0.999460399 -0.021749627 -0.024618059 -0.026926979 0.025114032 0.988989294 0.145840764 -0.339827716 0.021175027 -0.146380320 0.989001751 -0.255254179
0.999659002 -0.006845657 -0.025200620 -0.025576333 0.010502852 0.988933384 0.147987053 -0.349096715 0.023908630 -0.148201287 0.988668144 -0.264201820
0.999569595 -0.000186417 -0.029335722 -0.025634287 0.004434261 0.989450395 0.144803166 -0.354657888 0.028999209 -0.144870922 0.989025593 -0.270501643
0.999307454 0.009936471 -0.035859808 -0.030198917 -0.004788471 0.990014374 0.140884414 -0.361866146 0.036901608 -0.140615135 0.989376426 -0.282315314
0.999178588 0.013777005 -0.038109615 -0.035449237 -0.008378885 0.990349472 0.138339043 -0.370929062 0.039647684 -0.137906104 0.989651442 -0.295850515
0.999240696 0.010116436 -0.037628248 -0.044625454 -0.005219124 0.991755366 0.128038391 -0.379847109 0.038613319 -0.127744779 0.991055191 -0.312555015
0.999161959 0.016719811 -0.037360147 -0.045492683 -0.012124524 0.992699265 0.120004334 -0.388837457 0.039093822 -0.119450808 0.992070198 -0.327692986
0.999040127 0.031324994 -0.030621871 -0.042581324 -0.027212879 0.991588831 0.126535594 -0.391467392 0.034328043 -0.125580847 0.991489291 -0.342367619
0.999141514 0.036612518 -0.019390553 -0.048865635 -0.033771284 0.990842640 0.130730763 -0.396411180 0.023999348 -0.129963666 0.991228282 -0.352057040
0.998496294 0.051824849 -0.017870069 -0.052548874 -0.048632845 0.987863064 0.147516966 -0.406315833 0.025298193 -0.146426111 0.988898098 -0.362981528
0.998347640 0.054951563 -0.016806886 -0.055898640 -0.051850997 0.987513721 0.148754761 -0.412929356 0.024771288 -0.147637546 0.988731384 -0.371745884
0.999163806 0.039998505 0.008475721 -0.054417513 -0.040856391 0.984711111 0.169336498 -0.415352672 -0.001572967 -0.169541180 0.985521793 -0.392034560
0.998702824 0.021141879 0.046322986 -0.056380495 -0.029550862 0.981504917 0.189142972 -0.425400406 -0.041467428 -0.190266520 0.980856299 -0.403130949
0.996151388 -0.001790363 0.087631628 -0.066004150 -0.016254103 0.978676498 0.204763159 -0.428106129 -0.086129680 -0.205399483 0.974880874 -0.414795101
0.995298743 -0.000382535 0.096852109 -0.074522637 -0.021014800 0.975316286 0.219810337 -0.427685112 -0.094545513 -0.220812261 0.970722914 -0.419888794
0.994228184 -0.003663171 0.107224807 -0.077951238 -0.021949433 0.971333027 0.236707479 -0.427539706 -0.105018064 -0.237694740 0.965646088 -0.426997751
0.993369520 -0.009731941 0.114553154 -0.089998528 -0.019040916 0.968722522 0.247415289 -0.431627214 -0.113378108 -0.247956008 0.962113976 -0.432986677
0.993247271 -0.017460711 0.114695370 -0.102089360 -0.012780678 0.966125131 0.257757455 -0.434382856 -0.115310729 -0.257482797 0.959377944 -0.440476298
0.992638350 -0.024993703 0.118509203 -0.109362788 -0.007910343 0.963008046 0.269356817 -0.433241904 -0.120857537 -0.268311381 0.955720901 -0.449159116
0.991772532 -0.035569590 0.122971296 -0.115017541 0.000109348 0.960856378 0.277046621 -0.435757101 -0.128012210 -0.274753839 0.952955008 -0.457886130
0.991428554 -0.041207731 0.123981714 -0.120882094 0.004888356 0.959992826 0.279982060 -0.437191546 -0.130559057 -0.276976138 0.951965570 -0.465075821
0.990136147 -0.039653882 0.134380847 -0.128440976 -0.000552403 0.958001494 0.286762804 -0.442010373 -0.140108317 -0.284008384 0.948529899 -0.470690489
0.988410056 -0.038697530 0.146792233 -0.137879401 -0.005032293 0.958080649 0.286454618 -0.447783053 -0.151723862 -0.283873379 0.946781814 -0.476977408
0.987084448 -0.039786361 0.155181438 -0.142462492 -0.006186731 0.958479643 0.285093784 -0.451644659 -0.160081089 -0.282371759 0.945854247 -0.481580108
0.984559536 -0.041835945 0.169976890 -0.153957844 -0.008892369 0.957813859 0.287251413 -0.455320448 -0.174823672 -0.284327626 0.942652941 -0.487998098
0.981072664 -0.038654324 0.189742431 -0.162641019 -0.015322570 0.961304188 0.275062889 -0.463551044 -0.193032503 -0.272764087 0.942516983 -0.491673410
0.976406813 -0.040183816 0.212167531 -0.176637530 -0.017038651 0.965132773 0.261205614 -0.469051719 -0.215266064 -0.258657962 0.941677570 -0.496026874
0.969632626 -0.034503292 0.242119640 -0.196590781 -0.023196876 0.972560048 0.231492877 -0.477225840 -0.243463039 -0.230079487 0.942225575 -0.501868427
0.964904189 -0.035250679 0.260225534 -0.208459958 -0.022809509 0.975953639 0.216781259 -0.484740078 -0.261609763 -0.215108782 0.940897763 -0.506985128
0.963352501 -0.035657369 0.265857697 -0.216219425 -0.022122584 0.977187097 0.211224854 -0.488005251 -0.267324388 -0.209365487 0.940586984 -0.512004614
0.963118434 -0.035337828 0.266747862 -0.217678294 -0.022560405 0.977243423 0.210918218 -0.489107996 -0.268130958 -0.209157124 0.940403700 -0.517003953
0.963043094 -0.036363628 0.266882062 -0.220553398 -0.020390110 0.978159130 0.206855297 -0.492585063 -0.268575132 -0.204652280 0.941267729 -0.523898244
0.964875698 -0.032375008 0.260704249 -0.227874279 -0.020769788 0.979870081 0.198552728 -0.497184247 -0.261884451 -0.196993485 0.944780529 -0.528584898
0.969881475 -0.023432672 0.242447987 -0.232702479 -0.023411334 0.981785715 0.188543826 -0.499109566 -0.242450029 -0.188541174 0.951667011 -0.532843173
0.975849092 -0.018390696 0.217670411 -0.232189253 -0.022907617 0.982340395 0.185694963 -0.498295009 -0.217241511 -0.186196551 0.958194613 -0.533065200
0.979487062 -0.020012882 0.200511515 -0.233289242 -0.019584853 0.980890453 0.193572655 -0.495128423 -0.200553849 -0.193528861 0.960377395 -0.530231476
0.981725693 -0.032774262 0.187458277 -0.222027034 -0.007886255 0.977205217 0.212150246 -0.481494904 -0.190138295 -0.209751636 0.959088981 -0.526581168
0.979746044 -0.045133665 0.195091337 -0.221829891 -0.001709012 0.972347736 0.233531803 -0.471354336 -0.200236738 -0.229135260 0.952576637 -0.522080839
0.975778937 -0.056027506 0.211463034 -0.214814037 0.001684251 0.968541861 0.248844996 -0.461605221 -0.218752995 -0.242461473 0.945176959 -0.519884765
0.974872589 -0.058169287 0.215034604 -0.208029002 -0.000468613 0.964767158 0.263104886 -0.453483641 -0.222762927 -0.256594479 0.940497696 -0.518979192
0.974849999 -0.073505767 0.210391745 -0.201358140 0.008194257 0.955225766 0.295764595 -0.442821860 -0.222712025 -0.286602050 0.931804001 -0.515767992
0.974256456 -0.085216492 0.208716705 -0.190197676 0.016658593 0.950488389 0.310313195 -0.436524034 -0.224826619 -0.298847646 0.927439034 -0.512189329
0.975754797 -0.089731634 0.199627310 -0.184797809 0.022400308 0.948247015 0.316742778 -0.433315635 -0.217717871 -0.304591507 0.927266419 -0.510445833
0.979182005 -0.084656663 0.184488624 -0.176194087 0.022757577 0.948934138 0.314652354 -0.434495449 -0.201704994 -0.303903341 0.931105733 -0.504699528
0.983465075 -0.074897043 0.164884895 -0.165465564 0.023022411 0.954791248 0.296384305 -0.438256085 -0.179628968 -0.287687540 0.940728068 -0.499949098
0.987800539 -0.060519498 0.143484563 -0.162237436 0.017433755 0.958579004 0.284292907 -0.441432953 -0.154746592 -0.278323144 0.947939754 -0.492442369
0.992920816 -0.048848867 0.108268142 -0.156204894 0.016618330 0.959684372 0.280588329 -0.439350307 -0.117609650 -0.276802719 0.953702331 -0.484744251
0.995613396 -0.045851409 0.081558198 -0.149943128 0.021272985 0.959793270 0.279900640 -0.433813930 -0.091112912 -0.276937813 0.956558406 -0.477765530
0.997508943 -0.042320106 0.056435108 -0.146593451 0.024297111 0.957217336 0.288347870 -0.420954883 -0.066223636 -0.286258399 0.955861151 -0.466955125
0.998760343 -0.025026515 0.043028563 -0.150821969 0.010825180 0.952934742 0.302982152 -0.409421980 -0.048586011 -0.302140743 0.952024341 -0.463420331
0.999398053 -0.032674275 0.011658221 -0.150287464 0.027045749 0.944280326 0.328028828 -0.405913353 -0.021726727 -0.327516168 0.944595695 -0.461779684
0.998333693 -0.050151840 -0.028543174 -0.159316331 0.057036556 0.932689846 0.356140971 -0.403426260 0.008760765 -0.357175529 0.933996141 -0.464825749
0.995109200 -0.061506759 -0.077295661 -0.168978989 0.085378200 0.929094732 0.359851748 -0.387935251 0.049681738 -0.364691168 0.929802120 -0.468092084
0.994975269 -0.062793590 -0.077980727 -0.195757315 0.086601198 0.930622518 0.355587125 -0.370424986 0.050242029 -0.360553622 0.931384385 -0.470974863
0.994076908 -0.061423458 -0.089656785 -0.202723294 0.089512378 0.930599153 0.354926288 -0.362601638 0.061633766 -0.360849410 0.930585265 -0.469722867
0.994824052 -0.046516947 -0.090340361 -0.203188911 0.076405548 0.928551018 0.363256365 -0.355285555 0.066988081 -0.368278772 0.927298903 -0.467023045
0.995164454 -0.042272620 -0.088661365 -0.205827251 0.071034163 0.933151245 0.352396071 -0.353098392 0.067837715 -0.356989980 0.931641579 -0.461962909
0.994710386 -0.040706091 -0.094310418 -0.206396073 0.070807412 0.936863363 0.342451900 -0.350374460 0.074416146 -0.347318351 0.934789896 -0.459676445
0.995908976 -0.029149577 -0.085530728 -0.205059573 0.056870032 0.937761962 0.342590332 -0.351478308 0.070221126 -0.346053004 0.935583353 -0.459482670
0.998015523 -0.012480964 -0.061720997 -0.206398934 0.033198111 0.937167883 0.347295642 -0.350632191 0.053508401 -0.348655522 0.935722232 -0.459455431
0.998772502 -0.008302519 -0.048832774 -0.206372604 0.025094420 0.934787035 0.354320824 -0.348020136 0.042706564 -0.355111420 0.933847904 -0.456489891
0.999512494 -0.002950411 -0.031083778 -0.209184870 0.013983719 0.932402670 0.361150354 -0.348536402 0.027917102 -0.361409009 0.931989312 -0.455072284
0.999803424 -0.002509540 -0.019672513 -0.204689071 0.009467661 0.932024002 0.362272859 -0.347794473 0.017426148 -0.362387955 0.931864381 -0.452363014
0.999991298 0.002484772 -0.003363132 -0.203614935 -0.001111068 0.933274627 0.359161556 -0.347898722 0.004031181 -0.359154671 0.933269262 -0.452100247
0.999938905 0.009375378 0.005881965 -0.193633676 -0.010857759 0.934003472 0.357099026 -0.348683953 -0.002145916 -0.357141018 0.934047997 -0.451347291
0.999792099 0.014302954 0.014543831 -0.188676864 -0.018529495 0.934938490 0.354325771 -0.350877941 -0.008529693 -0.354521513 0.935009003 -0.452659786
0.999536037 0.019191932 0.023648843 -0.175389767 -0.026355116 0.934197068 0.355782419 -0.360526621 -0.015264586 -0.356240690 0.934269607 -0.452803433
0.999185443 0.021100752 0.034399778 -0.165705472 -0.031689022 0.938049018 0.345050216 -0.369598716 -0.024987921 -0.345859259 0.937953651 -0.454517424
0.997943580 0.025203526 0.058935001 -0.166675031 -0.043615036 0.940777063 0.336208254 -0.376004457 -0.046971112 -0.338087320 0.939941823 -0.459352881
0.995249689 0.022994615 0.094602466 -0.167601898 -0.053363733 0.941578627 0.332538754 -0.387112021 -0.081429094 -0.336007386 0.938332796 -0.462547630
0.988668203 0.010639511 0.149740100 -0.180041686 -0.058541831 0.945836484 0.319321424 -0.397961676 -0.138232231 -0.324468970 0.935741365 -0.471021175
0.981636286 0.012102813 0.190378442 -0.193312705 -0.072983965 0.945884228 0.316190451 -0.405028999 -0.176249146 -0.324278504 0.929397523 -0.480367482
0.969681859 0.009953946 0.244167805 -0.211379766 -0.088067457 0.946264148 0.311172664 -0.410289705 -0.227949679 -0.323241681 0.918451667 -0.496842742
0.956869900 0.011401456 0.290292829 -0.230863154 -0.100103363 0.950976968 0.292612523 -0.420535088 -0.272725552 -0.309051394 0.911102533 -0.516089737
0.948077559 0.008794535 0.317917287 -0.245245472 -0.106658816 0.950520456 0.291778564 -0.430797279 -0.299620688 -0.310537398 0.902105153 -0.537807703
0.942747533 -0.002449613 0.333498031 -0.251638174 -0.099498689 0.952367961 0.288262755 -0.443436354 -0.318318874 -0.304941654 0.897598743 -0.553990722
0.940079987 -0.009171017 0.340830386 -0.255779177 -0.089801528 0.957682192 0.273460090 -0.455369264 -0.328915060 -0.287681431 0.899474323 -0.571987808
0.941152275 -0.007720739 0.337894261 -0.260978520 -0.083939172 0.963077247 0.255805463 -0.466950059 -0.327393234 -0.269114465 0.905754328 -0.589750409
0.943577170 -0.005554028 0.331106603 -0.259066761 -0.079279527 0.966994762 0.242148772 -0.476026058 -0.321523219 -0.254735976 0.911993563 -0.611027181
0.945131302 -0.014411889 0.326372921 -0.256183267 -0.064406477 0.971199393 0.229398265 -0.483453929 -0.320279270 -0.237831965 0.916982651 -0.634206831
0.947399437 -0.024274044 0.319131613 -0.256370425 -0.051711041 0.972409308 0.227477640 -0.492028266 -0.315848231 -0.232014805 0.920004845 -0.655774355
0.951054096 -0.021368893 0.308284402 -0.254980952 -0.050759155 0.973254204 0.224053055 -0.493862778 -0.304826707 -0.228734851 0.924532771 -0.672009528
0.960755944 -0.022946727 0.276444852 -0.256605327 -0.041548226 0.973426938 0.225197390 -0.503330529 -0.274266422 -0.227845490 0.934272170 -0.700717866
0.964136958 -0.022999410 0.264406443 -0.256170005 -0.037223469 0.974673212 0.220514357 -0.505501449 -0.262781501 -0.222448200 0.938862324 -0.715161383
0.968926907 -0.029021464 0.245639116 -0.260843605 -0.026628137 0.975082636 0.220237851 -0.509150803 -0.245910108 -0.219935268 0.944010913 -0.733058751
0.975588560 -0.030823283 0.217432797 -0.260216683 -0.019518267 0.974012554 0.225651532 -0.507977009 -0.218737587 -0.224386945 0.949633777 -0.755618811
0.977223396 -0.028111089 0.210342467 -0.261524767 -0.020828068 0.973696828 0.226893485 -0.508809090 -0.211187929 -0.226106659 0.950933933 -0.764494419
0.979453981 -0.024881132 0.200127631 -0.262985259 -0.021897510 0.973371565 0.228185192 -0.510155737 -0.200476035 -0.227879137 0.952827632 -0.777396441
0.979738474 -0.023863863 0.198854044 -0.262488633 -0.022741288 0.973199427 0.228835255 -0.511923194 -0.198985562 -0.228720933 0.952938378 -0.787421286
0.976126909 -0.022672314 0.216013998 -0.266363710 -0.027342420 0.973798513 0.225762904 -0.514927566 -0.215472549 -0.226279572 0.949931026 -0.796177626
0.973277390 -0.022949554 0.228483155 -0.269857973 -0.029862043 0.973895252 0.225025356 -0.516548216 -0.227682889 -0.225835085 0.947184741 -0.802667618
0.969374776 -0.020102238 0.244761944 -0.275489837 -0.036136691 0.974120319 0.223122716 -0.518714905 -0.242912829 -0.225134432 0.943561256 -0.810424447
0.959523559 -0.018370280 0.281028420 -0.296330541 -0.045817658 0.974393785 0.220130712 -0.520109236 -0.277876109 -0.224096641 0.934112132 -0.829225242
0.953546405 -0.020751765 0.300530612 -0.321905822 -0.049934272 0.972935617 0.225616798 -0.525989771 -0.297078848 -0.230142862 0.926702857 -0.844786882
0.950493276 -0.023610055 0.309846878 -0.339002252 -0.047770962 0.974154592 0.220772952 -0.527245581 -0.307051152 -0.224644884 0.924799442 -0.856597900
0.947093606 -0.031857505 0.319372535 -0.356505990 -0.040144179 0.975489676 0.216352075 -0.529329777 -0.318437099 -0.217726618 0.922601104 -0.869915485
0.944595575 -0.028392537 0.327005684 -0.366367012 -0.044776704 0.975792110 0.214066848 -0.526340783 -0.325167447 -0.216848835 0.920457780 -0.879126012
0.937450647 -0.025968721 0.347148001 -0.377522767 -0.053690020 0.974496663 0.217884451 -0.527312875 -0.343952715 -0.222894296 0.912148297 -0.891701221
0.927966356 -0.032395460 0.371252954 -0.393239915 -0.055288255 0.973222077 0.223119020 -0.530865371 -0.368539512 -0.227572903 0.901326239 -0.906408310
0.925231397 -0.031826090 0.378065974 -0.398737937 -0.058970977 0.972301662 0.226167813 -0.534230232 -0.374792159 -0.231552511 0.897727191 -0.922121644
0.926426649 -0.030167444 0.375264674 -0.400852948 -0.057824697 0.973554194 0.221017241 -0.537805498 -0.372007906 -0.226455837 0.900182128 -0.936217189
0.927939653 -0.022784540 0.372033268 -0.402428865 -0.062368158 0.974566102 0.215246618 -0.538672984 -0.367475301 -0.222938895 0.902917504 -0.950003922
0.928785086 -0.018902211 0.370136142 -0.396165639 -0.062164351 0.976604402 0.205862865 -0.545555234 -0.365367711 -0.214211658 0.905880570 -0.974541366
0.932467103 -0.015428476 0.360925049 -0.398048073 -0.061471596 0.977740645 0.200610265 -0.551131785 -0.355986178 -0.209249109 0.910762548 -0.997267962
0.939922810 -0.008646665 0.341277480 -0.393126339 -0.064068384 0.977449179 0.201217487 -0.557634830 -0.335321069 -0.210994005 0.918172657 -1.030256867
0.945216715 0.000037351 0.326443225 -0.394871742 -0.068124741 0.978004813 0.197143346 -0.565276861 -0.319255590 -0.208582029 0.924429178 -1.063695669
0.948424697 -0.007104768 0.316922665 -0.396748304 -0.060210027 0.977512598 0.202098668 -0.568815887 -0.311231792 -0.210757285 0.926669300 -1.088156939
0.949902594 -0.017929018 0.312031507 -0.393216074 -0.048914742 0.977522850 0.205076218 -0.568108320 -0.308694631 -0.210065350 0.927674472 -1.109790444
0.950872898 -0.023086619 0.308719397 -0.389683872 -0.046006538 0.975604653 0.214660168 -0.566874862 -0.306143761 -0.218317658 0.926613808 -1.127238750
0.950040162 -0.033697121 0.310303330 -0.386236310 -0.038951550 0.973584175 0.224981487 -0.571115494 -0.309687495 -0.225828230 0.923631430 -1.141124010
0.947134614 -0.028916743 0.319530547 -0.395359606 -0.044057224 0.974773169 0.218806595 -0.573066473 -0.317796886 -0.221316904 0.921967328 -1.157112837
0.945160329 -0.029233277 0.325295657 -0.402329266 -0.044059981 0.975469410 0.215680420 -0.574480653 -0.323620856 -0.218185097 0.920686960 -1.166029692
0.946363807 -0.034833707 0.321219563 -0.418103874 -0.036816914 0.976070404 0.214315474 -0.576058328 -0.320998251 -0.214646742 0.922435284 -1.175758719
0.949729860 -0.045308441 0.309774458 -0.426242769 -0.023262002 0.976524413 0.214147389 -0.576396108 -0.312204927 -0.210588157 0.926380277 -1.186759114
0.950325549 -0.049593493 0.307281137 -0.438481688 -0.019125879 0.976055205 0.216680318 -0.575873613 -0.310669214 -0.211793885 0.926621675 -1.197996497
0.947101235 -0.051031202 0.316851825 -0.451687396 -0.021942947 0.974670410 0.222567096 -0.576696992 -0.320183873 -0.217746228 0.921991646 -1.208473921
0.944845200 -0.059013348 0.322156608 -0.470595658 -0.019566175 0.971705377 0.235384196 -0.580535293 -0.326932132 -0.228705004 0.916956484 -1.220373511
0.938826203 -0.063098833 0.338561445 -0.494583130 -0.020822305 0.970873773 0.238684908 -0.577891290 -0.343761176 -0.231133267 0.910167873 -1.235032797
0.934100091 -0.066137336 0.350831509 -0.510055602 -0.023535069 0.969145715 0.245362252 -0.580419302 -0.356234372 -0.237449765 0.903722644 -1.245971084
0.928345680 -0.068125889 0.365421951 -0.519250274 -0.028130803 0.967367053 0.251812547 -0.576734185 -0.370652020 -0.244048685 0.896134496 -1.258921862
0.924217522 -0.064292327 0.376415223 -0.528875768 -0.035341632 0.967093110 0.251955837 -0.578299165 -0.380227387 -0.246165127 0.891532242 -1.271100998
0.923052371 -0.062667027 0.379535288 -0.533885121 -0.039109286 0.966240287 0.254656971 -0.580797374 -0.382680833 -0.249905080 0.889439523 -1.279013991
0.920513809 -0.063624814 0.385494769 -0.533454418 -0.040514994 0.965788841 0.256145447 -0.584896564 -0.388603687 -0.251403689 0.886444211 -1.298129678
0.918020070 -0.056366902 0.392507076 -0.535961330 -0.046468858 0.967732608 0.247657746 -0.589143991 -0.393801451 -0.245594114 0.885778666 -1.312676072
0.920499265 -0.052244440 0.387235820 -0.540950000 -0.048429675 0.968125701 0.245738208 -0.589983046 -0.387731314 -0.244955555 0.888628721 -1.327075958
0.924384475 -0.054299816 0.377577364 -0.541199148 -0.039306812 0.970989406 0.235869914 -0.596298456 -0.379431278 -0.232875854 0.895433187 -1.342584491
0.933816016 -0.051509690 0.354025930 -0.535768449 -0.035791934 0.971164107 0.235709965 -0.602353513 -0.355958521 -0.232780993 0.905044973 -1.364441276
0.932026565 -0.063407227 0.356799603 -0.529139996 -0.023193050 0.972118437 0.233340755 -0.602535069 -0.361646920 -0.225755066 0.904569566 -1.380502582
0.933159709 -0.068112373 0.352949858 -0.527717948 -0.020391697 0.970271885 0.241156667 -0.608673751 -0.358883083 -0.232234955 0.904029727 -1.391751170
0.934323907 -0.059524659 0.351419330 -0.521414816 -0.030020934 0.969309866 0.244002312 -0.604912877 -0.355158240 -0.238527119 0.903862476 -1.402302861
0.930755734 -0.057703331 0.361059606 -0.514731705 -0.035948303 0.968243659 0.247410536 -0.603317916 -0.363869965 -0.243258268 0.899123967 -1.410632730
0.922071517 -0.053453863 0.383310139 -0.512835264 -0.044997659 0.968891859 0.243359238 -0.605965495 -0.384394646 -0.241642699 0.890982330 -1.418329120
0.907858312 -0.050433233 0.416232705 -0.510543585 -0.053852551 0.970490277 0.235049933 -0.609959304 -0.415804148 -0.235807210 0.878351808 -1.423910856
0.890211463 -0.043623637 0.453453839 -0.511409938 -0.067255035 0.971910954 0.225534528 -0.611274898 -0.450555325 -0.231270477 0.862272441 -1.426322937
0.855779469 -0.045923144 0.515298545 -0.508656621 -0.074452467 0.974751174 0.210515872 -0.615961373 -0.511955440 -0.218520418 0.830752969 -1.428244233
0.820942461 -0.053848013 0.568466187 -0.507174373 -0.079662926 0.975006819 0.207401767 -0.614225864 -0.565426588 -0.215550587 0.796134889 -1.426065207
0.784679413 -0.055246785 0.617435098 -0.507564187 -0.087801062 0.976074517 0.198920786 -0.613624036 -0.613652349 -0.210300475 0.761054873 -1.423680544
0.739186168 -0.049219765 0.671700239 -0.508068621 -0.106845334 0.976126313 0.189107105 -0.605391502 -0.664972067 -0.211553395 0.716280222 -1.419520140
0.692543626 -0.061103541 0.718783438 -0.507098734 -0.115069285 0.974290550 0.193692729 -0.606779516 -0.712139308 -0.216850534 0.667707682 -1.418654323
0.644832850 -0.072098948 0.760915399 -0.507892311 -0.121704653 0.973153412 0.195346937 -0.601503134 -0.754571795 -0.218573093 0.618746519 -1.419590831
0.606576681 -0.083360717 0.790642619 -0.509199917 -0.126615629 0.971665680 0.199585587 -0.604274631 -0.784877777 -0.221171662 0.578834951 -1.421322823
0.580178380 -0.082742296 0.810275614 -0.511211514 -0.133451283 0.971725285 0.194783524 -0.606958687 -0.803482056 -0.221141517 0.552732050 -1.426535130
0.551842272 -0.080708936 0.830033779 -0.510659933 -0.136274487 0.973200321 0.185230970 -0.612539947 -0.822738767 -0.215330735 0.526054502 -1.433586121
0.527100623 -0.079890758 0.846039176 -0.511635125 -0.139389247 0.973959208 0.178812623 -0.613176465 -0.838293254 -0.212181002 0.502238750 -1.443116426
0.502413511 -0.079226658 0.860989869 -0.512499332 -0.136853367 0.975953639 0.169663444 -0.619380355 -0.853727996 -0.203070641 0.479489833 -1.454671860
0.486287624 -0.074189991 0.870643377 -0.512096107 -0.136935577 0.977607369 0.159788415 -0.626097023 -0.863002181 -0.196925193 0.465239257 -1.471482754
0.462062955 -0.069890529 0.884088874 -0.510536432 -0.143510044 0.977858424 0.152307883 -0.631467462 -0.875158787 -0.197251454 0.441802144 -1.490044951
0.429400355 -0.071754768 0.900258958 -0.505100667 -0.142468989 0.978974760 0.145982817 -0.637577355 -0.891805768 -0.190944120 0.410149276 -1.510380149
0.405858159 -0.070884101 0.911182821 -0.499819636 -0.140003443 0.980398417 0.138628811 -0.642229915 -0.903148890 -0.183832422 0.387978762 -1.530701041
0.392377824 -0.065651327 0.917458177 -0.495222807 -0.143450752 0.980876684 0.131540343 -0.645857632 -0.908549130 -0.183223575 0.375456542 -1.552523375
0.379080772 -0.066974856 0.922936559 -0.490908563 -0.150480717 0.979639649 0.132897094 -0.647576809 -0.913046122 -0.189262882 0.361284167 -1.571345329
0.357157052 -0.071234055 0.931324005 -0.487184703 -0.155871838 0.978560448 0.134622931 -0.649940908 -0.920946538 -0.193248719 0.338396460 -1.584943295
0.344314665 -0.075601876 0.935805380 -0.483582675 -0.160195157 0.977404714 0.137903780 -0.649671197 -0.925086498 -0.197393790 0.324423730 -1.594836235
0.314778924 -0.080413833 0.945752323 -0.479407281 -0.166632250 0.976248085 0.138467714 -0.647774339 -0.934423745 -0.201179564 0.293902814 -1.605092049
0.291173369 -0.087017834 0.952704370 -0.475766569 -0.170581460 0.975173533 0.141204610 -0.650813639 -0.941339433 -0.203628764 0.269100964 -1.609927654
0.242067352 -0.091106340 0.965972424 -0.472066700 -0.176161081 0.974907994 0.136094093 -0.650496006 -0.954133332 -0.203110725 0.219944060 -1.611250639
0.187391967 -0.101297140 0.977048039 -0.464334995 -0.179334670 0.974423051 0.135420322 -0.651850283 -0.965775847 -0.200595289 0.164432988 -1.621060133
0.094712809 -0.116056338 0.988716424 -0.453098297 -0.175857320 0.975611448 0.131364107 -0.656320214 -0.979848683 -0.186314896 0.071993589 -1.623168349
0.032072425 -0.102618262 0.994203627 -0.444142193 -0.183006585 0.977295876 0.106776804 -0.630436480 -0.982588291 -0.185370445 0.012564391 -1.614322186
-0.038447976 -0.101537935 0.994088292 -0.441946447 -0.184797391 0.978386700 0.092786789 -0.631711364 -0.982024193 -0.180137441 -0.056380898 -1.634053826
-0.139623120 -0.091916300 0.985929251 -0.410320014 -0.191273496 0.979433417 0.064223349 -0.611461461 -0.971555293 -0.179615095 -0.154332682 -1.562257648
-0.182868168 -0.089080609 0.979093194 -0.410328299 -0.201509237 0.978139162 0.051357314 -0.608639300 -0.962264597 -0.187904730 -0.196821064 -1.566555738
-0.208972812 -0.088658571 0.973894060 -0.410125047 -0.206322312 0.977461994 0.044711865 -0.608348191 -0.955908597 -0.191592500 -0.222555190 -1.569311500
-0.238898084 -0.084335811 0.967375159 -0.410732120 -0.209188655 0.977299929 0.033540845 -0.607198775 -0.948244572 -0.194351107 -0.251117170 -1.574882627
-0.249991477 -0.087121278 0.964320362 -0.411886692 -0.211263552 0.976855278 0.033485539 -0.609387159 -0.944918990 -0.195354670 -0.262611061 -1.580683589
-0.263808966 -0.087239295 0.960621536 -0.412302792 -0.212017894 0.976790130 0.030482601 -0.609732032 -0.940985203 -0.195627391 -0.276182353 -1.585639358
-0.282860398 -0.086211853 0.955278575 -0.412840426 -0.210035250 0.977347612 0.026011568 -0.613541901 -0.935881972 -0.193284541 -0.294560522 -1.595217109
-0.292192101 -0.083163887 0.952736676 -0.414325774 -0.210033551 0.977470458 0.020908302 -0.614625156 -0.933011055 -0.193997428 -0.303076357 -1.604379416
-0.301823348 -0.077326447 0.950222611 -0.414834470 -0.206513047 0.978343368 0.014019206 -0.618021965 -0.930728257 -0.192002028 -0.311255753 -1.618611574
-0.301914692 -0.077205837 0.950203419 -0.415399581 -0.207872301 0.978063822 0.013420880 -0.618644178 -0.930395901 -0.193469048 -0.311340928 -1.629850149
-0.308778107 -0.071435228 0.948447526 -0.417519748 -0.206283942 0.978470325 0.006538339 -0.624188483 -0.928494930 -0.193630621 -0.316866100 -1.652006149
-0.312969565 -0.065926135 0.947472215 -0.418833196 -0.206181854 0.978513718 -0.000020057 -0.625055134 -0.927113235 -0.195357919 -0.319837779 -1.669202685
-0.318440557 -0.067873731 0.945509672 -0.420731902 -0.203966662 0.978976488 0.001581699 -0.627704203 -0.925739169 -0.192348823 -0.325589865 -1.686125636
-0.324262619 -0.069188491 0.943433344 -0.422149897 -0.201166153 0.979553342 0.002695620 -0.629182220 -0.924329877 -0.188912824 -0.331550956 -1.699981570
-0.330642253 -0.071430869 0.941048920 -0.423645973 -0.199687392 0.979850471 0.004214995 -0.635469556 -0.922388434 -0.186521903 -0.338243812 -1.719777942
-0.333916217 -0.069857396 0.940010369 -0.424439967 -0.199713454 0.979852438 0.001874838 -0.636506736 -0.921202660 -0.187106729 -0.341140121 -1.731144786
-0.341993511 -0.069892645 0.937099338 -0.425094843 -0.196936965 0.980415344 0.001251351 -0.640425801 -0.918834209 -0.184121549 -0.349060059 -1.748241782
-0.349088848 -0.071047083 0.934392333 -0.423942477 -0.196079135 0.980587125 0.001304388 -0.641816020 -0.916345894 -0.182759523 -0.356242925 -1.759461999
-0.366909266 -0.078602239 0.926929951 -0.423505753 -0.196142152 0.980560005 0.005510539 -0.645499825 -0.909343541 -0.179788202 -0.375193715 -1.775877595
-0.383026451 -0.081767052 0.920111179 -0.421734869 -0.193647042 0.981049180 0.006570458 -0.646065474 -0.903211653 -0.175660163 -0.391601801 -1.784747005
-0.408028871 -0.084495664 0.909050524 -0.421468198 -0.190941513 0.981585741 0.005533308 -0.647091210 -0.892778456 -0.171317741 -0.416649133 -1.798133612
-0.441585332 -0.087769262 0.892915726 -0.417430997 -0.190686151 0.981648505 0.002188772 -0.647737205 -0.876721799 -0.169300124 -0.450217962 -1.809400320
-0.458924085 -0.089629732 0.883942842 -0.412361056 -0.190882504 0.981612682 0.000431105 -0.645389497 -0.867728293 -0.168531388 -0.467594504 -1.815346479
-0.497789592 -0.093076289 0.862288952 -0.408595145 -0.185627401 0.982619643 -0.001095682 -0.641444564 -0.847200036 -0.160609871 -0.506415367 -1.827198982
-0.524611950 -0.094045222 0.846130967 -0.404401779 -0.179786980 0.983703256 -0.002134204 -0.638945520 -0.832141101 -0.153242961 -0.532970607 -1.832889676
-0.562918603 -0.099001527 0.820561409 -0.402091742 -0.172930837 0.984933972 0.000199884 -0.638810635 -0.808218598 -0.141787887 -0.571558118 -1.838665128
-0.597601593 -0.101733297 0.795312762 -0.397065222 -0.170677900 0.985324323 -0.002209336 -0.639439285 -0.783416331 -0.137062609 -0.606195092 -1.840554237
-0.629691064 -0.104221791 0.769822538 -0.394154251 -0.170726344 0.985298634 -0.006254941 -0.641453266 -0.757853210 -0.135367677 -0.638227224 -1.842289686
-0.662568927 -0.105040520 0.741598725 -0.392268360 -0.170083821 0.985351682 -0.012392730 -0.642434478 -0.729433835 -0.134344965 -0.670729160 -1.842418671
-0.675123334 -0.107677773 0.729803979 -0.389097750 -0.171782032 0.985041499 -0.013574883 -0.642956853 -0.717425525 -0.134531960 -0.683521628 -1.840574741
-0.702861547 -0.111920863 0.702466428 -0.388211548 -0.172515661 0.984881759 -0.015695930 -0.644800663 -0.690089703 -0.132218570 -0.711543679 -1.841970444
-0.741809428 -0.113913424 0.660865247 -0.388804853 -0.172476858 0.984724462 -0.023865089 -0.644728720 -0.648051500 -0.131687254 -0.750125229 -1.842715740
-0.761370778 -0.115580268 0.637931168 -0.388305128 -0.171613514 0.984810710 -0.026392817 -0.645302713 -0.625190794 -0.129572272 -0.769641161 -1.846614718
-0.781853199 -0.121775441 0.611454487 -0.389771879 -0.173600152 0.984475255 -0.025913507 -0.647271276 -0.598806024 -0.126409113 -0.790855408 -1.844358683
-0.813880205 -0.122778922 0.567911983 -0.394157946 -0.167373732 0.985529184 -0.026799798 -0.648014605 -0.556403518 -0.116865389 -0.822652698 -1.847303748
-0.830887318 -0.129786730 0.541093349 -0.394064188 -0.168361992 0.985476196 -0.022155315 -0.651665092 -0.530359089 -0.109508075 -0.840670764 -1.848810196
-0.852501452 -0.132163465 0.505741298 -0.395128787 -0.164464608 0.986190081 -0.019512042 -0.652167380 -0.496178210 -0.099810556 -0.862464607 -1.851699591
-0.862755597 -0.131111592 0.488326252 -0.397702277 -0.162818164 0.986392140 -0.022822529 -0.652212620 -0.478688836 -0.099198624 -0.872362673 -1.854526877
-0.869418859 -0.133550107 0.475683957 -0.399510980 -0.164274707 0.986137390 -0.023386911 -0.653300643 -0.465966403 -0.098475859 -0.879305184 -1.857719064
-0.878811181 -0.135164663 0.457625926 -0.403879285 -0.165519521 0.985845685 -0.026678845 -0.655432403 -0.447542489 -0.099191666 -0.888744473 -1.859554768
-0.884210944 -0.130736917 0.448418081 -0.408762217 -0.163488105 0.985926867 -0.034924790 -0.659489989 -0.437541515 -0.104191899 -0.893141329 -1.861357212
-0.887086093 -0.128961056 0.443223983 -0.413016796 -0.162862033 0.985873520 -0.039107412 -0.663332880 -0.431919396 -0.106875986 -0.895557404 -1.862581968
-0.892245352 -0.124417245 0.434072107 -0.419215083 -0.159652665 0.986123264 -0.045519158 -0.668657064 -0.422385216 -0.109915033 -0.899727345 -1.864189386
-0.898186862 -0.114541031 0.424430251 -0.429411411 -0.151442200 0.986983001 -0.054127529 -0.673355103 -0.412705600 -0.112893276 -0.903841376 -1.867108822
-0.900763631 -0.115201987 0.418752134 -0.434681356 -0.152971983 0.986547768 -0.057645947 -0.678244293 -0.406478107 -0.115982652 -0.906269073 -1.868668556
-0.902094543 -0.114377677 0.416104823 -0.441365838 -0.152135342 0.986619592 -0.058622658 -0.684097052 -0.403832048 -0.116187409 -0.907424986 -1.869764209
-0.907134533 -0.107017301 0.407006443 -0.449870586 -0.146006107 0.987087965 -0.065875351 -0.688109517 -0.394701332 -0.119183213 -0.911046743 -1.870725393
-0.914781868 -0.097019494 0.392123580 -0.463044643 -0.138485938 0.987223446 -0.078813344 -0.695328474 -0.379467189 -0.126400605 -0.916529953 -1.872464895
-0.921279788 -0.092560530 0.377725422 -0.472645879 -0.135090545 0.986949742 -0.087639317 -0.699986994 -0.364684016 -0.131767437 -0.921760857 -1.873189926
-0.926873386 -0.088337891 0.364832073 -0.482556701 -0.131468311 0.986750543 -0.095076658 -0.704323888 -0.351599336 -0.136087805 -0.926206350 -1.874274850
-0.936180472 -0.085946999 0.340851247 -0.502831340 -0.128083408 0.986393034 -0.103070341 -0.708600461 -0.327354610 -0.140149787 -0.934450150 -1.871798992
-0.947529912 -0.087617919 0.307425678 -0.521750152 -0.124739125 0.986805975 -0.103219002 -0.711750746 -0.294325501 -0.136151060 -0.945957482 -1.871634483
