[LEFT_CAM_2K]
cx=1185.59
cy=625.111
fx=1400.94
fy=1400.94
k1=-0.16824
k2=0.0211763

[LEFT_CAM_FHD]
cx=1041.59
cy=544.111
fx=1400.94
fy=1400.94
k1=-0.16824
k2=0.0211763

[LEFT_CAM_HD]
cx=679.294
cy=360.556
fx=700.469
fy=700.469
k1=-0.16824
k2=0.0211763

[LEFT_CAM_VGA]
cx=354.647
cy=187.278
fx=350.235
fy=350.235
k1=-0.16824
k2=0.0211763

[RIGHT_CAM_2K]
cx=1135.58
cy=642.641
fx=1399.07
fy=1399.07
k1=-0.171846
k2=0.0259458

[RIGHT_CAM_FHD]
cx=991.58
cy=561.641
fx=1399.07
fy=1399.07
k1=-0.171846
k2=0.0259458

[RIGHT_CAM_HD]
cx=654.29
cy=369.32
fx=699.536
fy=699.536
k1=-0.171846
k2=0.0259458

[RIGHT_CAM_VGA]
cx=342.145
cy=191.66
fx=349.767
fy=349.767
k1=-0.171846
k2=0.0259458

[STEREO]
BaseLine=120
CV_2K=0.0122526
CV_FHD=0.0122526
CV_HD=0.0122526
CV_VGA=0.0122526
RX_2K=-0.00290526
RX_FHD=-0.00290526
RX_HD=-0.00290526
RX_VGA=-0.00290526
RZ_2K=-0.000971362
RZ_FHD=-0.000971362
RZ_HD=-0.000971362
RZ_VGA=-0.000971362
