Left:
('D = ', [-0.172540120510509, 0.02600378473025949, -0.0002828635381957853, -3.492514691389405e-05, 0.0])
('K = ', [355.970557623256, 0.0, 353.7259311740976, 0.0, 355.9613140296184, 190.79400360196507, 0.0, 0.0, 1.0])
('R = ', [0.9989509823142108, 0.0003053553354644868, 0.04579128401336174, -0.0001778296532974888, 0.9999960949722525, -0.002788981330158979, -0.04579195682745676, 0.0027779125912581614, 0.99894713568414])
('P = ', [343.7954604425084, 0.0, 323.92943954467773, 0.0, 0.0, 343.7954604425084, 195.4801902770996, 0.0, 0.0, 0.0, 1.0, 0.0])

Right:
('D = ', [-0.16764651069059938, 0.024410827859673915, 0.00010171111866003116, -0.0006236713324939856, 0.0])
('K = ', [350.9130545958296, 0.0, 341.5960148544754, 0.0, 351.18996131003206, 197.94322820424566, 0.0, 0.0, 1.0])
('R = ', [0.999455472805982, -5.470459106625252e-05, 0.032996285936125434, -3.7175637306570665e-05, 0.9999961241326722, 0.0027839428163968075, -0.03299631034135217, -0.002783653541785116, 0.9994515970154915])
('P = ', [343.7954604425084, 0.0, 323.92943954467773, -41.27720455979295, 0.0, 343.7954604425084, 195.4801902770996, 0.0, 0.0, 0.0, 1.0, 0.0])
('self.T ', [-0.11999788463267383, 6.5680116686139735e-06, -0.00396164173472765])
('self.R ', [0.9999179985683971, 0.00017635270308334042, 0.012804883392478629, -0.0001050072262280357, 0.9999844696694982, -0.005572198246203263, -0.012805667200630342, 0.005570396712682682, 0.9999024880297128])
None
# oST version 5.0 parameters


[image]

width
672

height
376

[narrow_stereo/left]

camera matrix
355.970558 0.000000 353.725931
0.000000 355.961314 190.794004
0.000000 0.000000 1.000000

distortion
-0.172540 0.026004 -0.000283 -0.000035 0.000000

rectification
0.998951 0.000305 0.045791
-0.000178 0.999996 -0.002789
-0.045792 0.002778 0.998947

projection
343.795460 0.000000 323.929440 0.000000
0.000000 343.795460 195.480190 0.000000
0.000000 0.000000 1.000000 0.000000

# oST version 5.0 parameters


[image]

width
672

height
376

[narrow_stereo/right]

camera matrix
350.913055 0.000000 341.596015
0.000000 351.189961 197.943228
0.000000 0.000000 1.000000

distortion
-0.167647 0.024411 0.000102 -0.000624 0.000000

rectification
0.999455 -0.000055 0.032996
-0.000037 0.999996 0.002784
-0.032996 -0.002784 0.999452

projection
343.795460 0.000000 323.929440 -41.277205
0.000000 343.795460 195.480190 0.000000
0.000000 0.000000 1.000000 0.000000
