0.999999523 -0.000950803 0.000015720 -0.023036351 0.000950846 0.999994993 -0.003015003 0.638049424 -0.000012853 0.003015016 0.999995470 0.000045114
0.999999523 -0.000950803 0.000015720 -0.023036351 0.000950846 0.999994993 -0.003015003 0.638049424 -0.000012853 0.003015016 0.999995470 0.000045114
0.999999523 -0.000950803 0.000015720 -0.023036351 0.000950846 0.999994993 -0.003015003 0.638049424 -0.000012853 0.003015016 0.999995470 0.000045114
0.999999523 -0.000950803 0.000015720 -0.023036351 0.000950846 0.999994993 -0.003015003 0.638049424 -0.000012853 0.003015016 0.999995470 0.000045114
0.999999523 -0.000950803 0.000015720 -0.023036351 0.000950846 0.999994993 -0.003015003 0.638049424 -0.000012853 0.003015016 0.999995470 0.000045114
0.999999523 -0.000950803 0.000015720 -0.023036351 0.000950846 0.999994993 -0.003015003 0.638049424 -0.000012853 0.003015016 0.999995470 0.000045114
0.999999523 -0.000950803 0.000015720 -0.023036351 0.000950846 0.999994993 -0.003015003 0.638049424 -0.000012853 0.003015016 0.999995470 0.000045114
0.999999523 -0.000950803 0.000015720 -0.023036351 0.000950846 0.999994993 -0.003015003 0.638049424 -0.000012853 0.003015016 0.999995470 0.000045114
0.999999523 -0.000950803 0.000015720 -0.023036351 0.000950846 0.999994993 -0.003015003 0.638049424 -0.000012853 0.003015016 0.999995470 0.000045114
0.999999523 -0.000950803 0.000015720 -0.023036351 0.000950846 0.999994993 -0.003015003 0.638049424 -0.000012853 0.003015016 0.999995470 0.000045114
0.999999523 -0.000950803 0.000015720 -0.023036351 0.000950846 0.999994993 -0.003015003 0.638049424 -0.000012853 0.003015016 0.999995470 0.000045114
0.999999523 -0.000950803 0.000015720 -0.023036351 0.000950846 0.999994993 -0.003015003 0.638049424 -0.000012853 0.003015016 0.999995470 0.000045114
0.999999523 -0.000950803 0.000015720 -0.023036351 0.000950846 0.999994993 -0.003015003 0.638049424 -0.000012853 0.003015016 0.999995470 0.000045114
0.999999523 -0.000950803 0.000015720 -0.023036351 0.000950846 0.999994993 -0.003015003 0.638049424 -0.000012853 0.003015016 0.999995470 0.000045114
0.999999523 -0.000950803 0.000015720 -0.023036351 0.000950846 0.999994993 -0.003015003 0.638049424 -0.000012853 0.003015016 0.999995470 0.000045114
0.999999523 -0.000950803 0.000015720 -0.023036351 0.000950846 0.999994993 -0.003015003 0.638049424 -0.000012853 0.003015016 0.999995470 0.000045114
0.999999523 -0.000950803 0.000015720 -0.023036351 0.000950846 0.999994993 -0.003015003 0.638049424 -0.000012853 0.003015016 0.999995470 0.000045114
0.999999523 -0.000950803 0.000015720 -0.023036351 0.000950846 0.999994993 -0.003015003 0.638049424 -0.000012853 0.003015016 0.999995470 0.000045114
0.999999523 -0.000950803 0.000015720 -0.023036351 0.000950846 0.999994993 -0.003015003 0.638049424 -0.000012853 0.003015016 0.999995470 0.000045114
0.999999523 -0.000950803 0.000015720 -0.023036351 0.000950846 0.999994993 -0.003015003 0.638049424 -0.000012853 0.003015016 0.999995470 0.000045114
0.999999523 -0.000950803 0.000015720 -0.023036351 0.000950846 0.999994993 -0.003015003 0.638049424 -0.000012853 0.003015016 0.999995470 0.000045114
0.999999523 -0.000950803 0.000015720 -0.023036351 0.000950846 0.999994993 -0.003015003 0.638049424 -0.000012853 0.003015016 0.999995470 0.000045114
0.999999523 -0.000950803 0.000015720 -0.023036351 0.000950846 0.999994993 -0.003015003 0.638049424 -0.000012853 0.003015016 0.999995470 0.000045114
0.999999523 -0.000950803 0.000015720 -0.023036351 0.000950846 0.999994993 -0.003015003 0.638049424 -0.000012853 0.003015016 0.999995470 0.000045114
0.999999523 -0.000950803 0.000015720 -0.023036351 0.000950846 0.999994993 -0.003015003 0.638049424 -0.000012853 0.003015016 0.999995470 0.000045114
0.999999523 -0.000950803 0.000015720 -0.023036351 0.000950846 0.999994993 -0.003015003 0.638049424 -0.000012853 0.003015016 0.999995470 0.000045114
0.999999523 -0.000950803 0.000015720 -0.023036351 0.000950846 0.999994993 -0.003015003 0.638049424 -0.000012853 0.003015016 0.999995470 0.000045114
0.997979462 0.007089377 -0.063142002 -1.151299000 -0.006944518 0.999972701 0.002513344 -0.251762837 0.063158102 -0.002069775 0.998001456 22.358299255
0.998074532 0.005359716 -0.061792914 -1.203330874 -0.005017080 0.999971211 0.005698742 -0.259907365 0.061821681 -0.005377753 0.998072803 23.295354843
0.998181343 0.005961782 -0.059985314 -1.271483421 -0.005601750 0.999965310 0.006168381 -0.263317764 0.060019996 -0.005821143 0.998180270 24.237838745
0.998265982 0.006320686 -0.058522165 -1.330411434 -0.006124420 0.999975085 0.003532472 -0.272822827 0.058543041 -0.003167936 0.998279929 25.186143875
0.998313487 0.007261678 -0.057595670 -1.387806177 -0.007345113 0.999972224 -0.001237062 -0.280232251 0.057585068 0.001658021 0.998339295 26.125307083
0.998396993 0.006321940 -0.056245353 -1.446104407 -0.006558360 0.999970376 -0.004019788 -0.289531797 0.056218278 0.004382222 0.998408914 27.072910309
0.998437703 0.003758883 -0.055749405 -1.497143030 -0.003930413 0.999987781 -0.002967463 -0.299217671 0.055737577 0.003181945 0.998440444 28.033624649
0.998442471 0.002168002 -0.055748291 -1.553593993 -0.002062722 0.999996006 0.001945972 -0.308429271 0.055752292 -0.001827949 0.998443007 29.003623962
0.998399675 -0.001736274 -0.056525029 -1.607142091 0.002055527 0.999982297 0.005590336 -0.320550144 0.056514315 -0.005697580 0.998385549 29.976701736
0.998292387 -0.009011610 -0.057714287 -1.653506041 0.009318425 0.999943793 0.005049143 -0.331053972 0.057665557 -0.005578330 0.998320341 30.951049805
0.998191714 -0.011150613 -0.059068929 -1.710259318 0.011237353 0.999936223 0.001136505 -0.339620471 0.059052490 -0.001798227 0.998253226 31.913778305
0.998117566 -0.011019096 -0.060332246 -1.772892475 0.010871509 0.999937117 -0.002773939 -0.347229987 0.060359024 0.002112814 0.998174429 32.890003204
0.997996330 -0.009801560 -0.062508382 -1.838786960 0.009600658 0.999947727 -0.003513594 -0.356099874 0.062539570 0.002906432 0.998038232 33.875926971
0.997937679 -0.009950013 -0.063414402 -1.899780154 0.009828205 0.999949276 -0.002232508 -0.365844399 0.063433416 0.001604654 0.997984827 34.874435425
0.997873783 -0.006997245 -0.064798236 -1.969113469 0.007047279 0.999975085 0.000543635 -0.378723264 0.064792797 -0.000999130 0.997898281 35.870517731
0.997797728 -0.006641370 -0.065997414 -2.035573721 0.006780376 0.999975324 0.001882470 -0.391302913 0.065983258 -0.002325811 0.997817993 36.867225647
0.997731209 -0.005807887 -0.067072444 -2.108633041 0.006125889 0.999970973 0.004536476 -0.400100470 0.067044139 -0.004937063 0.997737765 37.855255127
0.997754335 -0.005784408 -0.066730723 -2.175558567 0.006321375 0.999949336 0.007838419 -0.411914378 0.066681981 -0.008242646 0.997740269 38.845470428
0.997746468 -0.000005401 -0.067097493 -2.256843090 0.000681407 0.999949217 0.010052096 -0.413072675 0.067094028 -0.010075164 0.997695744 39.831363678
0.997738004 -0.000149926 -0.067221522 -2.331735849 0.000784575 0.999955416 0.009414868 -0.415586472 0.067217112 -0.009446315 0.997693717 40.834915161
0.997732580 -0.000143891 -0.067302756 -2.396288395 0.000658907 0.999970675 0.007630096 -0.417831421 0.067299686 -0.007657144 0.997703433 41.834575653
0.997716904 0.001938629 -0.067505613 -2.470357656 -0.001593751 0.999985337 0.005162343 -0.417629361 0.067514628 -0.005042970 0.997705519 42.827140808
0.997656465 0.001359986 -0.068408594 -2.538743019 -0.000994172 0.999985039 0.005381254 -0.426252663 0.068414897 -0.005300634 0.997642934 43.817928314
0.997573435 -0.000339010 -0.069621906 -2.610116720 0.000802335 0.999977708 0.006627022 -0.433782518 0.069618113 -0.006666801 0.997551441 44.803256989
0.997520626 0.000337832 -0.070372514 -2.683053732 0.000199728 0.999970853 0.007631608 -0.442235023 0.070373051 -0.007626744 0.997491598 45.789085388
0.997513175 0.002272291 -0.070443660 -2.760676861 -0.001965048 0.999988198 0.004430526 -0.456598878 0.070452921 -0.004281083 0.997505903 46.757198334
0.997449517 0.002749133 -0.071321517 -2.836563349 -0.002722047 0.999996185 0.000476961 -0.466027856 0.071322568 -0.000281604 0.997453153 47.722145081
0.997401297 0.004023479 -0.071933299 -2.911724329 -0.004115028 0.999990880 -0.001124544 -0.470685124 0.071928121 0.001417629 0.997408807 48.691265106
0.997392833 0.002723317 -0.072110742 -2.980086803 -0.002543290 0.999993324 0.002588247 -0.485015392 0.072117321 -0.002398101 0.997393191 49.661422729
0.997368395 0.000661512 -0.072497033 -3.040411949 -0.000256587 0.999984324 0.005594569 -0.495180994 0.072499603 -0.005561247 0.997352898 50.617603302
0.997358322 -0.001283664 -0.072626621 -3.109483719 0.001752273 0.999978125 0.006388959 -0.506535590 0.072616838 -0.006499346 0.997338772 51.574195862
0.997321963 -0.004664623 -0.072985888 -3.177237272 0.005064665 0.999973059 0.005297000 -0.517472148 0.072959229 -0.005652464 0.997318864 52.528816223
0.997306466 -0.007157097 -0.072996967 -3.250748158 0.007467645 0.999964118 0.003982219 -0.526431441 0.072965853 -0.004516609 0.997324169 53.481216431
0.997201145 -0.008930149 -0.074229553 -3.318921089 0.009343730 0.999942660 0.005226243 -0.535982013 0.074178636 -0.005905198 0.997227490 54.430683136
0.997087002 -0.012151306 -0.075298354 -3.390589237 0.012875237 0.999875426 0.009136165 -0.536897302 0.075177968 -0.010079039 0.997119188 55.386806488
0.997038066 -0.012923444 -0.075816266 -3.462036133 0.014042204 0.999799967 0.014241679 -0.540942430 0.075617068 -0.015264123 0.997020066 56.327236176
0.997020304 -0.010917502 -0.076361470 -3.539599895 0.012187157 0.999794841 0.016180709 -0.539883077 0.076169163 -0.017063128 0.996948838 57.272644043
0.996926486 -0.009996182 -0.077702433 -3.615747213 0.011005601 0.999860346 0.012573460 -0.544202507 0.077565901 -0.013389976 0.996897221 58.202518463
0.996820152 -0.008390782 -0.079241328 -3.690980434 0.008791754 0.999950230 0.004712603 -0.546786904 0.079197846 -0.005394287 0.996844292 59.122798920
0.996791542 -0.006536895 -0.079773106 -3.775140762 0.006546448 0.999978483 -0.000141782 -0.553359210 0.079772323 -0.000380904 0.996813059 60.039646149
0.996723175 -0.001492810 -0.080874585 -3.857788086 0.001561511 0.999998391 0.000786239 -0.565028429 0.080873296 -0.000909948 0.996724010 60.948944092
0.996631145 0.000915858 -0.082008891 -3.942108154 -0.000661701 0.999994874 0.003126261 -0.579225063 0.082011342 -0.003061465 0.996626735 61.844234467
0.996538162 0.003219222 -0.083074383 -4.018556595 -0.002851560 0.999985576 0.004543971 -0.590058863 0.083087809 -0.004291350 0.996533036 62.734062195
0.996438324 0.004022057 -0.084227778 -4.097366810 -0.003665884 0.999983728 0.004382906 -0.599930286 0.084244028 -0.004058528 0.996436954 63.603027344
0.996298134 0.005718947 -0.085773729 -4.175697327 -0.005284319 0.999971986 0.005293329 -0.610650837 0.085801601 -0.004820478 0.996300519 64.452896118
0.996178091 0.006819813 -0.087076686 -4.253020287 -0.006344515 0.999963462 0.005733971 -0.621427655 0.087112613 -0.005159598 0.996185064 65.289909363
0.996047735 0.006474557 -0.088582098 -4.326472759 -0.005935732 0.999962270 0.006344854 -0.630775690 0.088619843 -0.005793978 0.996048570 66.112945557
0.995944023 0.006435386 -0.089744546 -4.399309158 -0.005798170 0.999956071 0.007359237 -0.637026489 0.089787975 -0.006809036 0.995937586 66.917266846
0.995787859 0.009135208 -0.091230206 -4.475964546 -0.008244047 0.999914527 0.010140347 -0.645637512 0.091315068 -0.009345531 0.995778203 67.709609985
0.995655477 0.010589668 -0.092508808 -4.555827618 -0.009302707 0.999853909 0.014331927 -0.651418149 0.092647083 -0.013409082 0.995608687 68.502357483
0.995463133 0.013820767 -0.094139501 -4.639186382 -0.012369619 0.999795794 0.015981028 -0.652251959 0.094341166 -0.014744052 0.995430648 69.279396057
0.995309830 0.016707540 -0.095285073 -4.719510078 -0.015634589 0.999805868 0.011995965 -0.661327243 0.095467009 -0.010449958 0.995377719 70.026512146
0.995164096 0.016513312 -0.096828565 -4.790433884 -0.016156148 0.999859452 0.004471573 -0.665633082 0.096888795 -0.002885573 0.995291054 70.747749329
0.995046377 0.015694963 -0.098164558 -4.865965366 -0.015888391 0.999872983 -0.001189031 -0.674780250 0.098133437 0.002742817 0.995169520 71.455696106
0.994976699 0.016402733 -0.098753579 -4.936784744 -0.016719604 0.999857247 -0.002381918 -0.681718171 0.098700434 0.004021073 0.995109081 72.150459290
0.994894207 0.019026956 -0.099112436 -5.019508362 -0.018995645 0.999818683 0.001259628 -0.693210840 0.099118441 0.000629508 0.995075524 72.825210571
0.994728148 0.019592134 -0.100657009 -5.090738297 -0.019329088 0.999806702 0.003588020 -0.709133029 0.100707859 -0.001623497 0.994914770 73.485679626
0.994688153 0.016211711 -0.101649500 -5.153073311 -0.016270507 0.999867558 0.000250697 -0.719749272 0.101640128 0.001404524 0.994820297 74.115737915
0.994781554 0.007867328 -0.101724274 -5.203827858 -0.008423251 0.999951780 -0.005036615 -0.731022239 0.101679765 0.005867181 0.994799912 74.724388123
0.994902611 0.003838084 -0.100767247 -5.257365227 -0.004855864 0.999939561 -0.009856975 -0.740061522 0.100723356 0.010296043 0.994861186 75.323822021
0.995201409 0.006361186 -0.097640738 -5.319089890 -0.007369576 0.999923110 -0.009970400 -0.753085494 0.097569831 0.010642128 0.995171785 75.910026550
0.995561957 0.011294717 -0.093428209 -5.381741524 -0.011997721 0.999903679 -0.006966283 -0.766777337 0.093340553 0.008056292 0.995601654 76.480072021
0.995995164 0.009893849 -0.088858388 -5.427650452 -0.010276385 0.999939740 -0.003848577 -0.777537465 0.088814974 0.004746308 0.996036768 77.034568787
0.996511579 0.006402952 -0.083209291 -5.461486816 -0.006405144 0.999979436 0.000240600 -0.787405133 0.083209150 0.000293205 0.996532142 77.578460693
0.997202575 0.001962179 -0.074719824 -5.497266769 -0.001667000 0.999990582 0.004012641 -0.803957999 0.074726991 -0.003876859 0.997196496 78.105026245
0.997926652 0.005552987 -0.064121626 -5.529713154 -0.005323591 0.999978781 0.003747825 -0.811399341 0.064141072 -0.003398697 0.997934997 78.619338989
0.998742461 0.010675319 -0.048984680 -5.556429863 -0.010525227 0.999939024 0.003321047 -0.819722891 0.049017146 -0.002801296 0.998794019 79.120765686
0.999399602 0.015652616 -0.030912109 -5.570423126 -0.015544782 0.999872208 0.003725681 -0.822189510 0.030966483 -0.003242922 0.999515116 79.614250183
0.999861240 0.014121607 -0.008825261 -5.557653427 -0.014085121 0.999892056 0.004182997 -0.827135324 0.008883372 -0.004058112 0.999952257 80.097396851
0.999792457 0.010618137 0.017389007 -5.526198387 -0.010710604 0.999929011 0.005233177 -0.835302949 -0.017332211 -0.005418339 0.999835134 80.560134888
0.998852372 0.009560685 0.046931736 -5.483951569 -0.009891478 0.999927759 0.006821196 -0.843539596 -0.046863127 -0.007277591 0.998874843 81.012565613
0.996763825 0.008852302 0.079899259 -5.425117016 -0.009565130 0.999917686 0.008543213 -0.855098367 -0.079817049 -0.009279809 0.996766329 81.455726624
0.993040860 0.008910776 0.117433503 -5.347972870 -0.010054819 0.999907553 0.009153201 -0.861288488 -0.117341086 -0.010270273 0.993038595 81.895050049
0.987188816 0.009046432 0.159300029 -5.255947113 -0.010609308 0.999903560 0.008963153 -0.862417400 -0.159203559 -0.010538388 0.987189531 82.323570251
0.978979945 0.008689127 0.203771800 -5.134170532 -0.010703242 0.999904096 0.008784161 -0.866370738 -0.203675896 -0.010780535 0.978979051 82.729545593
0.967420042 0.011082322 0.252934247 -5.005311966 -0.013237800 0.999889076 0.006821607 -0.873201847 -0.252830565 -0.009947651 0.967459440 83.125473022
0.951930106 0.011923533 0.306083441 -4.853137970 -0.013772130 0.999897599 0.003880613 -0.881372213 -0.306005836 -0.007909494 0.951996744 83.499267578
0.932083905 0.012142829 0.362038881 -4.677734375 -0.013727353 0.999904156 0.001804718 -0.887512982 -0.361982316 -0.006651984 0.932161152 83.862678528
0.907896340 0.012677208 0.419002920 -4.481641769 -0.013898320 0.999903440 -0.000137820 -0.891746879 -0.418964207 -0.005698311 0.907984793 84.198188782
0.878699720 0.013269975 0.477190435 -4.265514374 -0.013671435 0.999903083 -0.002631240 -0.891736031 -0.477179110 -0.004211808 0.878795981 84.525886536
0.845214844 0.011949874 0.534292936 -4.024913788 -0.011387778 0.999925673 -0.004349426 -0.901709557 -0.534305215 -0.002408209 0.845288157 84.825965881
0.808517396 0.010858456 0.588372052 -3.765716553 -0.009676429 0.999939859 -0.005157013 -0.916078031 -0.588392735 -0.001523805 0.808573782 85.104743958
0.768717051 0.009554608 0.639517784 -3.488754272 -0.009011265 0.999950886 -0.004107825 -0.926457167 -0.639525712 -0.002605109 0.768765211 85.369071960
0.726380765 0.008762860 0.687236607 -3.195617676 -0.010451764 0.999943912 -0.001703066 -0.936560273 -0.687213063 -0.005945760 0.726431489 85.610626221
0.681393087 0.008182665 0.731871903 -2.890644073 -0.009558257 0.999951661 -0.002280920 -0.935012519 -0.731855273 -0.005441217 0.681438327 85.831375122
0.634616733 0.006917154 0.772796035 -2.572109222 -0.006405906 0.999972701 -0.003690068 -0.940316856 -0.772800446 -0.002608680 0.634643674 86.037033081
0.587796092 0.004205588 0.808998227 -2.241168976 -0.000312343 0.999987543 -0.004971510 -0.944607258 -0.809009135 0.002669550 0.587790012 86.213562012
0.540860057 0.006365374 0.841088355 -1.911338806 -0.002365620 0.999978900 -0.006046651 -0.953573704 -0.841109216 0.001280699 0.540863752 86.379959106
0.493719876 0.009223812 0.869571924 -1.574367523 -0.005938243 0.999956131 -0.007235260 -0.960673332 -0.869600594 -0.001591535 0.493752956 86.533470154
0.448042631 0.011557230 0.893937349 -1.231216431 -0.006804028 0.999931574 -0.009517382 -0.967581391 -0.893986166 -0.001818178 0.448090583 86.670028687
0.405321151 0.009030498 0.914129555 -0.881145477 0.000623335 0.999948263 -0.010154665 -0.973261893 -0.914174020 0.004685714 0.405294508 86.780952454
0.365894288 0.001426928 0.930655181 -0.513412476 0.015581567 0.999849260 -0.007659033 -0.977063298 -0.930525839 0.017303467 0.365816891 86.866989136
0.330480963 -0.002052165 0.943810284 -0.148097992 0.019734774 0.999794006 -0.004736357 -0.979317248 -0.943606257 0.020191163 0.330453336 86.955802917
0.297283530 0.001875679 0.954787374 0.216424942 0.016928185 0.999830425 -0.007234938 -0.987941980 -0.954639137 0.018313646 0.297201484 87.049087524
0.266205937 0.009427708 0.963870049 0.583789825 0.006021097 0.999916315 -0.011443212 -1.002778530 -0.963897347 0.008849806 0.266126931 87.146888733
0.238080934 0.013873281 0.971146226 0.962865829 0.001460308 0.999891698 -0.014641924 -1.017790437 -0.971244276 0.004904135 0.238034904 87.228179932
0.212178275 0.015491102 0.977108181 1.352638245 0.002603479 0.999861777 -0.016417179 -1.032636881 -0.977227509 0.006027249 0.212108612 87.294158936
0.188751236 0.016915962 0.981879175 1.759824753 0.009775307 0.999769628 -0.019103333 -1.042693853 -0.981976390 0.013203950 0.188542426 87.348419189
0.168844566 0.023006219 0.985373974 2.172683716 0.016621977 0.999518871 -0.026184648 -1.044823527 -0.985502422 0.020800000 0.168380916 87.391235352
0.148931056 0.030175766 0.988386869 2.596138000 0.018417433 0.999276161 -0.033283371 -1.043570280 -0.988675952 0.023160478 0.148267508 87.444343567
0.131141201 0.030811910 0.990884542 3.037985802 0.016437588 0.999311805 -0.033249427 -1.055181623 -0.991227388 0.020648122 0.130544499 87.503570557
0.115616970 0.026417278 0.992942274 3.494023323 0.014618210 0.999492645 -0.028293669 -1.077600121 -0.993186235 0.017786272 0.115172163 87.554306030
0.100970104 0.023197882 0.994618714 3.968873024 0.014655343 0.999584854 -0.024801463 -1.099081993 -0.994781435 0.017080687 0.100588240 87.598930359
0.088033125 0.020791026 0.995900333 4.450217247 0.017114129 0.999602973 -0.022381132 -1.113148212 -0.995970428 0.019014250 0.087642364 87.627540588
0.076267354 0.019887006 0.996888876 4.945199013 0.020935170 0.999548733 -0.021541715 -1.127395988 -0.996867537 0.022512972 0.075816609 87.654647827
0.066070512 0.020609165 0.997602105 5.460087299 0.023967458 0.999465346 -0.022235010 -1.141227126 -0.997527122 0.025379064 0.065541238 87.680549622
0.058037557 0.021017410 0.998093069 5.986812592 0.026140155 0.999403656 -0.022565015 -1.155363202 -0.997972071 0.027399918 0.057453539 87.706581116
0.052523095 0.021514026 0.998387873 6.534954071 0.027822468 0.999348342 -0.022998402 -1.169566989 -0.998231947 0.028985558 0.051890299 87.730087280
0.046970174 0.022590898 0.998640776 7.096858025 0.028774582 0.999298692 -0.023959169 -1.184837103 -0.998481691 0.029860845 0.046287190 87.750228882
0.041238368 0.023115838 0.998881936 7.676840782 0.029382776 0.999271810 -0.024337918 -1.201245546 -0.998717129 0.030353582 0.040529136 87.768150330
0.036796547 0.023126597 0.999055088 8.279012680 0.032304101 0.999182105 -0.024319338 -1.217357635 -0.998800516 0.033168446 0.036019370 87.785316467
0.034006439 0.023119928 0.999154091 8.902436256 0.033694170 0.999137521 -0.024266332 -1.235571861 -0.998853505 0.034490883 0.033198114 87.800643921
0.030683756 0.022705326 0.999271214 9.544685364 0.034456253 0.999123693 -0.023759993 -1.253132701 -0.998934984 0.035160188 0.029874533 87.820739746
0.028519271 0.022087764 0.999349058 10.197842598 0.036932766 0.999049842 -0.023135131 -1.272003055 -0.998910725 0.037568517 0.027676411 87.834373474
0.027799057 0.021678751 0.999378324 10.874380112 0.041278228 0.998887122 -0.022816302 -1.291164637 -0.998760819 0.041886840 0.026873259 87.846397400
0.028695120 0.021402618 0.999359012 11.563463211 0.044816632 0.998737812 -0.022676155 -1.308013916 -0.998583019 0.045438610 0.027699713 87.865539551
0.031173564 0.021377493 0.999285281 12.272902489 0.046360955 0.998664260 -0.022810472 -1.325578928 -0.998438239 0.047038909 0.030140849 87.885108948
0.035014220 0.021354076 0.999158621 12.993869781 0.048587549 0.998553097 -0.023043819 -1.345212460 -0.998205066 0.049353532 0.033926018 87.910583496
0.039416991 0.020911613 0.999004066 13.734728813 0.049141638 0.998530686 -0.022840651 -1.365399599 -0.998013675 0.049993005 0.038331445 87.939712524
0.043394413 0.019372342 0.998870194 14.489406586 0.050678749 0.998482168 -0.021566475 -1.384677410 -0.997771740 0.051557358 0.042346772 87.974395752
0.047120415 0.017603867 0.998734057 15.250572205 0.050474193 0.998525500 -0.019981569 -1.407671452 -0.997613072 0.051351849 0.046162404 88.017150879
0.051137023 0.015458290 0.998572052 16.022777557 0.047231194 0.998723924 -0.017879367 -1.429247618 -0.997574210 0.048078064 0.050341666 88.065681458
0.055143334 0.014302380 0.998376071 16.818016052 0.046501797 0.998775542 -0.016876550 -1.449532151 -0.997395098 0.047356922 0.054410730 88.116821289
0.059160847 0.015329147 0.998130798 17.616714478 0.043601613 0.998888075 -0.017925128 -1.470273972 -0.997295797 0.044580590 0.058426693 88.174613953
0.062078729 0.019356884 0.997883379 18.415832520 0.041537829 0.998895526 -0.021960596 -1.497382402 -0.997206450 0.042813197 0.061206117 88.230857849
0.063675709 0.024514083 0.997669339 19.218378067 0.035726186 0.999001443 -0.026827008 -1.523088217 -0.997330844 0.037351146 0.062736332 88.288436890
0.063532181 0.027576124 0.997598588 20.031059265 0.032934699 0.999015629 -0.029712742 -1.551075697 -0.997436106 0.034743324 0.062561445 88.344352722
0.063333176 0.027236383 0.997620881 20.837287903 0.030733265 0.999100149 -0.029227855 -1.579519987 -0.997519135 0.032511238 0.062439125 88.408340454
0.063469313 0.025649365 0.997654319 21.653547287 0.027664334 0.999240279 -0.027450113 -1.611213207 -0.997600317 0.029341675 0.062711529 88.465003967
0.063224107 0.024300117 0.997703671 22.476936340 0.028356699 0.999256194 -0.026134895 -1.643504858 -0.997596443 0.029943934 0.062487997 88.520896912
0.063712537 0.023464378 0.997692585 23.294786453 0.026129592 0.999341607 -0.025171803 -1.679747581 -0.997626185 0.027673060 0.063057475 88.577766418
0.063809074 0.023859603 0.997676730 24.109130859 0.024280438 0.999381065 -0.025453277 -1.711216450 -0.997666538 0.025848176 0.063190266 88.637649536
0.063801810 0.024349889 0.997665346 24.922681808 0.021448506 0.999437869 -0.025764799 -1.745225191 -0.997731924 0.023042273 0.063243695 88.697425842
0.062611155 0.025942661 0.997700572 25.737133026 0.018403443 0.999462008 -0.027143374 -1.774235010 -0.997868121 0.020060601 0.062100045 88.756248474
0.059651881 0.025582759 0.997891188 26.550819397 0.015079767 0.999534249 -0.026526311 -1.806610346 -0.998105168 0.016630307 0.059238333 88.814437866
0.055815682 0.024301119 0.998145282 27.362155914 0.012479200 0.999608636 -0.025034579 -1.838452935 -0.998363078 0.013853377 0.055490583 88.866325378
0.050833851 0.021943316 0.998466074 28.177005768 0.010658052 0.999689758 -0.022512835 -1.867255926 -0.998650193 0.011786116 0.050584208 88.915069580
0.044741843 0.019644557 0.998805463 28.991256714 0.008766104 0.999760330 -0.020056020 -1.897974968 -0.998960197 0.009652976 0.044558920 88.955055237
0.037276559 0.020071408 0.999103367 29.796325684 0.008411840 0.999756455 -0.020398375 -1.923926830 -0.999269664 0.009164680 0.037098654 88.986816406
0.028533895 0.021042788 0.999371290 30.595979691 0.008144646 0.999740243 -0.021283101 -1.950509548 -0.999559760 0.008746816 0.028355099 89.011466980
0.018806137 0.021643175 0.999588728 31.395856857 0.008854211 0.999722719 -0.021812657 -1.972899795 -0.999783754 0.009260780 0.018609293 89.022621155
0.008686025 0.020827115 0.999745190 32.188377380 0.010397816 0.999727070 -0.020917073 -1.998670101 -0.999908090 0.010576853 0.008467098 89.023986816
-0.002123144 0.019634722 0.999804735 32.979534149 0.009215312 0.999765098 -0.019614367 -2.029915333 -0.999955118 0.009171870 -0.002303585 89.022247314
-0.013265384 0.018826598 0.999734759 33.764884949 0.010793912 0.999767065 -0.018683985 -2.055995941 -0.999853849 0.010543201 -0.013465501 89.009216309
-0.024057724 0.019380182 0.999522805 34.544239044 0.010879731 0.999757886 -0.019122878 -2.080693007 -0.999651372 0.010414489 -0.024262747 88.986663818
-0.035192642 0.019853259 0.999183416 35.319881439 0.011355887 0.999745905 -0.019464470 -2.107997417 -0.999315977 0.010661609 -0.035409153 88.959938049
-0.045851581 0.020824106 0.998731196 36.093414307 0.010763692 0.999734938 -0.020350883 -2.137771130 -0.998890162 0.009816915 -0.046063576 88.922149658
-0.056148849 0.021920899 0.998181641 36.854461670 0.011492099 0.999706805 -0.021307956 -2.162486315 -0.998356223 0.010274786 -0.056384310 88.877578735
-0.065789655 0.022595141 0.997577608 37.615119934 0.011936966 0.999689817 -0.021855749 -2.189154625 -0.997762084 0.010470168 -0.066038966 88.826309204
-0.075278066 0.022927715 0.996899009 38.373428345 0.012530454 0.999678373 -0.022045443 -2.220162153 -0.997083783 0.010832059 -0.075541161 88.763687134
-0.084597096 0.023194080 0.996145189 39.109405518 0.013245185 0.999666870 -0.022151239 -2.249152422 -0.996327221 0.011320199 -0.084876135 88.700637817
-0.093288675 0.022772260 0.995378494 39.843696594 0.014466705 0.999663889 -0.021514449 -2.273401976 -0.995533943 0.012392795 -0.093586743 88.630737305
-0.100715302 0.021676013 0.994679034 40.570343018 0.016280387 0.999664664 -0.020136202 -2.299529552 -0.994781971 0.014165740 -0.101034433 88.555824280
-0.106120057 0.020096658 0.994150221 41.294876099 0.019104997 0.999652386 -0.018168531 -2.325319767 -0.994169772 0.017065192 -0.106467120 88.477081299
-0.109538466 0.018512769 0.993810058 42.003086090 0.022526443 0.999615967 -0.016138041 -2.348160028 -0.993727386 0.020619269 -0.109913439 88.385360718
-0.111994319 0.017504215 0.993554592 42.706809998 0.024410581 0.999591649 -0.014858992 -2.368258476 -0.993409038 0.022589123 -0.112375863 88.298698425
-0.113869987 0.016450498 0.993359387 43.390205383 0.024373416 0.999608159 -0.013760028 -2.392532349 -0.993196666 0.022644708 -0.114226326 88.222549438
-0.114565268 0.016925892 0.993271351 44.060127258 0.025360040 0.999578834 -0.014108309 -2.412672520 -0.993091941 0.023573084 -0.114946224 88.145446777
-0.113386594 0.017992144 0.993387938 44.711765289 0.026423035 0.999537051 -0.015087554 -2.432696342 -0.993199527 0.024537601 -0.113809489 88.070243835
-0.110560797 0.019648144 0.993675053 45.342174530 0.027560025 0.999480665 -0.016696490 -2.454519033 -0.993487000 0.025539737 -0.111044884 88.004745483
-0.105550162 0.020090127 0.994211018 45.962936401 0.027475094 0.999473095 -0.017279573 -2.475610733 -0.994034290 0.025492180 -0.106046528 87.943359375
-0.097476870 0.020889798 0.995018542 46.565036774 0.026943132 0.999468565 -0.018343745 -2.495212078 -0.994872928 0.025020823 -0.097987920 87.886817932
-0.086453997 0.020568091 0.996043503 47.146102905 0.025967138 0.999493718 -0.018385459 -2.520220041 -0.995917320 0.024274901 -0.086944327 87.847358704
-0.072746463 0.021152694 0.997126043 47.705268860 0.024990531 0.999499679 -0.019379839 -2.539159775 -0.997037351 0.023508891 -0.073238701 87.816421509
-0.055388294 0.022654131 0.998207808 48.240135193 0.024145314 0.999480605 -0.021343248 -2.558297873 -0.998172820 0.022919875 -0.055906512 87.797447205
-0.034157567 0.024875415 0.999106765 48.771476746 0.022321338 0.999459743 -0.024121083 -2.584125042 -0.999167144 0.021477481 -0.034694366 87.796173096
-0.009667099 0.027950285 0.999562502 49.296531677 0.020211479 0.999410391 -0.027750568 -2.607466221 -0.999749005 0.019934364 -0.010226309 87.811408997
0.018540688 0.029617369 0.999389231 49.814407349 0.018027378 0.999388635 -0.029951796 -2.630638123 -0.999665558 0.018571692 0.017995436 87.842292786
0.051917765 0.028997425 0.998230159 50.323841095 0.015968654 0.999426484 -0.029862696 -2.652275085 -0.998523653 0.017490799 0.051424947 87.885925293
0.090283789 0.026848193 0.995554149 50.822174072 0.014984246 0.999486804 -0.028313121 -2.671961546 -0.995803297 0.017473845 0.089835182 87.948181152
0.132510856 0.023143156 0.990911245 51.327457428 0.012965776 0.999601364 -0.025079980 -2.693889141 -0.991096795 0.016171305 0.132157981 88.038269043
0.177981973 0.018539239 0.983859003 51.815074921 0.010163449 0.999734581 -0.020676972 -2.718535185 -0.983981311 0.013679527 0.177746311 88.146797180
0.226653546 0.015094765 0.973858416 52.290493011 0.005630303 0.999842882 -0.016807906 -2.739103079 -0.973959148 0.009292690 0.226532951 88.287590027
0.278148115 0.013840312 0.960438430 52.752517700 0.001774607 0.999887109 -0.014922716 -2.755131721 -0.960536540 0.005855128 0.278092176 88.455718994
0.333192647 0.013451081 0.942762792 53.202049255 0.000935222 0.999892890 -0.014596727 -2.770102978 -0.942858160 0.005745213 0.333144367 88.645431519
0.390918195 0.013604520 0.920324743 53.642421722 0.003536100 0.999861181 -0.016282247 -2.787052155 -0.920418561 0.009619386 0.390815794 88.867156982
0.451131284 0.015857965 0.892316639 54.056854248 0.004720573 0.999785721 -0.020154461 -2.812717438 -0.892444968 0.013304553 0.450959742 89.108833313
0.510513186 0.019211661 0.859655142 54.450134277 0.006284810 0.999640346 -0.026072348 -2.826003075 -0.859846950 0.018713046 0.510208845 89.383590698
0.568657577 0.024055019 0.822222531 54.815135956 0.001893799 0.999531329 -0.030552158 -2.834944963 -0.822572351 0.018930836 0.568345487 89.685020447
0.623758256 0.027338903 0.781139016 55.151351929 -0.001930343 0.999438882 -0.033437707 -2.841571093 -0.781615019 0.019349182 0.623461127 90.021659851
0.676539838 0.028188406 0.735866308 55.471504211 -0.003647220 0.999383092 -0.034929618 -2.858478308 -0.736397028 0.020947414 0.676225424 90.369308472
0.725815117 0.026524810 0.687378109 55.773719788 -0.004111838 0.999405682 -0.034223691 -2.873114109 -0.687877536 0.022013688 0.725493014 90.732162476
0.770775259 0.024330897 0.636642396 56.027877808 -0.006941347 0.999531925 -0.029795831 -2.881238461 -0.637069464 0.018546732 0.770583332 91.112098694
0.812018037 0.018512789 0.583338499 56.266273499 -0.006875070 0.999730766 -0.022157159 -2.900537014 -0.583591700 0.013981521 0.811926961 91.515846252
0.848666728 0.015825396 0.528690994 56.483814240 -0.008916225 0.999838233 -0.015615799 -2.911659718 -0.528852642 0.008538683 0.848670840 91.938163757
0.879637182 0.012220923 0.475488037 56.662384033 -0.009356773 0.999921024 -0.008390099 -2.922307968 -0.475553036 0.002931210 0.879682243 92.367721558
0.905169964 0.012833809 0.424855977 56.817829132 -0.012860648 0.999913335 -0.002804770 -2.935490131 -0.424855143 -0.002925131 0.905256748 92.801864624
0.925037622 0.015082365 0.379576117 56.944629669 -0.016525125 0.999863327 0.000542864 -2.944887638 -0.379516065 -0.006774711 0.925160408 93.245117188
0.940257370 0.020702496 0.339834601 57.058559418 -0.023252929 0.999723673 0.003433905 -2.954150677 -0.339669645 -0.011130905 0.940478981 93.696495056
0.952066183 0.024813220 0.304884166 57.165317535 -0.026854979 0.999636173 0.002504291 -2.956404448 -0.304711133 -0.010571907 0.952386141 94.152786255
0.961286068 0.026685141 0.274257392 57.269832611 -0.028533528 0.999589026 0.002751815 -2.957160473 -0.274071306 -0.010470812 0.961652458 94.619163513
0.967407405 0.021534720 0.252307653 57.380130768 -0.022904765 0.999734640 0.002493928 -2.956865311 -0.252186984 -0.008191691 0.967643857 95.086235046
0.971369147 0.018087303 0.236885875 57.483730316 -0.019448899 0.999805033 0.003412103 -2.965188742 -0.236778021 -0.007921579 0.971531451 95.566040039
0.974302530 0.022299279 0.224136919 57.580055237 -0.023635928 0.999715209 0.003282000 -2.971276760 -0.223999947 -0.008495345 0.974552155 96.054519653
0.976284981 0.027644340 0.214717031 57.669136047 -0.029133348 0.999568403 0.003772602 -2.970191002 -0.214520127 -0.009938560 0.976669073 96.557014465
0.977307022 0.035656981 0.208804622 57.757652283 -0.036977708 0.999313116 0.002423731 -2.970458746 -0.208574787 -0.010089846 0.977954507 97.067390442
0.977678418 0.041240394 0.206019104 57.850311279 -0.041892231 0.999121308 -0.001199054 -2.974541187 -0.205887556 -0.007458312 0.978547335 97.582786560
0.977882028 0.042182248 0.204859272 57.962261200 -0.042320535 0.999097168 -0.003708282 -2.982542992 -0.204830751 -0.005043490 0.978784442 98.107818604
0.977428794 0.040773153 0.207292974 58.080699921 -0.040150847 0.999167502 -0.007210158 -2.992104530 -0.207414418 -0.001275573 0.978252411 98.640426636
0.976645768 0.039692014 0.211157024 58.203376770 -0.037647899 0.999197125 -0.013693510 -2.999440193 -0.211531043 0.005424092 0.977356255 99.180046082
0.975737929 0.040204313 0.215218306 58.329799652 -0.037153512 0.999143660 -0.018203817 -3.006993771 -0.215765879 0.009766045 0.976396382 99.737113953
0.974565148 0.044506520 0.219639882 58.453235626 -0.041580796 0.998974204 -0.017927883 -3.014777422 -0.220212489 0.008339094 0.975416362 100.315048218
0.973229706 0.047552690 0.224860996 58.585624695 -0.045587122 0.998863280 -0.013928110 -3.026509762 -0.225267708 0.003304488 0.974291325 100.901321411
0.972190142 0.044699620 0.229887083 58.725036621 -0.043734297 0.998999834 -0.009295290 -3.038139343 -0.230072677 -0.001017157 0.973173022 101.504066467
0.971469104 0.040388051 0.233701333 58.877120972 -0.040649708 0.999166489 -0.003698937 -3.049410105 -0.233655944 -0.005906489 0.972301543 102.117408752
0.970610917 0.037960701 0.237641603 59.029846191 -0.039303981 0.999226809 0.000915290 -3.057805538 -0.237423182 -0.010228653 0.971352339 102.747779846
0.970099986 0.033244409 0.240417928 59.191436768 -0.034615599 0.999399543 0.001481338 -3.063554287 -0.240224376 -0.009759259 0.970668256 103.382156372
0.970117331 0.029822428 0.240796223 59.353252411 -0.030307552 0.999539196 -0.001689403 -3.069859505 -0.240735680 -0.005659026 0.970574081 104.023689270
0.970268190 0.029182095 0.240266591 59.516983032 -0.027920183 0.999572635 -0.008655243 -3.078857899 -0.240416542 0.001689617 0.970668316 104.669662476
0.970362306 0.031398110 0.239605770 59.672801971 -0.028577525 0.999475360 -0.015237905 -3.088299274 -0.239958540 0.007938948 0.970750570 105.327888489
0.970974743 0.034038190 0.236747533 59.833103180 -0.030387711 0.999356568 -0.019052321 -3.095349789 -0.237243712 0.011305109 0.971384466 106.000770569
0.971608043 0.032523710 0.234349981 59.998130798 -0.029897468 0.999444008 -0.014751466 -3.105940342 -0.234699473 0.007326172 0.972040415 106.696022034
0.972052693 0.028285330 0.233052924 60.166465759 -0.027390841 0.999599695 -0.007074239 -3.121702909 -0.233159751 0.000493016 0.972438395 107.401603699
0.972640634 0.028669920 0.230539247 60.331764221 -0.029160731 0.999573827 -0.001278714 -3.134781122 -0.230477661 -0.005478966 0.973062336 108.116355896
0.972938180 0.032149363 0.228817731 60.491813660 -0.032611430 0.999466538 -0.001762532 -3.147197485 -0.228752360 -0.005747243 0.973467767 108.841423035
0.973250806 0.037874203 0.226601347 60.647758484 -0.037353307 0.999280334 -0.006587845 -3.153517246 -0.226687819 -0.002052684 0.973965406 109.568222046
0.974169016 0.038689706 0.222480789 60.813808441 -0.036988236 0.999245763 -0.011811094 -3.163069725 -0.222770005 0.003276833 0.974865615 110.290031433
0.975104749 0.037046771 0.218627974 60.982124329 -0.034647819 0.999289930 -0.014797807 -3.173690319 -0.219020993 0.006854426 0.975696146 111.037490845
0.976061642 0.034719851 0.214704335 61.150581360 -0.032640137 0.999379635 -0.013225280 -3.187562466 -0.215030357 0.005900709 0.976589620 111.803932190
0.976905584 0.031363316 0.211356997 61.317584991 -0.029656434 0.999496818 -0.011241627 -3.201984882 -0.211603254 0.004713913 0.977344334 112.578125000
0.977294385 0.030306928 0.209707603 61.481338501 -0.029183125 0.999538302 -0.008451936 -3.215982437 -0.209866956 0.002140106 0.977727711 113.366981506
0.977593303 0.027313042 0.208723292 61.647064209 -0.026612658 0.999626756 -0.006163650 -3.225819826 -0.208813787 0.000470862 0.977955341 114.163848877
0.977830172 0.022247232 0.208214045 61.821327209 -0.021660458 0.999752402 -0.005097998 -3.234575987 -0.208275899 0.000474965 0.978069961 114.959381104
0.977959394 0.022780975 0.207548589 61.987670898 -0.022567136 0.999739528 -0.003398244 -3.247838020 -0.207571939 -0.001360433 0.978218734 115.760742188
0.977742851 0.028158046 0.207908079 62.149379730 -0.027667036 0.999603391 -0.005269751 -3.259046793 -0.207973972 -0.000599738 0.978134155 116.572235107
0.977468073 0.033861142 0.208349392 62.315193176 -0.032795087 0.999425411 -0.008569895 -3.272901058 -0.208519876 0.001543964 0.978016913 117.388710022
0.976941228 0.042421442 0.209251732 62.478401184 -0.041171741 0.999098718 -0.010326533 -3.280365467 -0.209501252 0.001473156 0.977807283 118.216873169
0.976020336 0.048445091 0.212219983 62.643417358 -0.047443248 0.998825788 -0.009813504 -3.296592712 -0.212446213 -0.000490227 0.977172613 119.038970947
0.975247681 0.051163595 0.215114310 62.815650940 -0.050672021 0.998684824 -0.007802974 -3.314778328 -0.215230659 -0.003290446 0.976557672 119.869865417
0.974700630 0.051571012 0.217483655 63.000629425 -0.050934527 0.998665571 -0.008535217 -3.332760334 -0.217633620 -0.002758147 0.976026595 120.703544617
0.974302053 0.050219323 0.219575480 63.181221008 -0.048924070 0.998738110 -0.011336122 -3.347291946 -0.219867706 0.000302282 0.975529730 121.532615662
0.974333167 0.043993212 0.220769733 63.376289368 -0.042848542 0.999031842 -0.009973591 -3.364981413 -0.220994756 0.000257943 0.975275040 122.370193481
0.974567950 0.037469517 0.220937237 63.570884705 -0.035819624 0.999292433 -0.011470874 -3.384586811 -0.221210703 0.003265257 0.975220561 123.200027466
0.974278688 0.036704019 0.222336814 63.757003784 -0.034992527 0.999319792 -0.011633613 -3.403682709 -0.222612575 0.003554257 0.974900544 124.036605835
0.973717093 0.039319456 0.224341288 63.943016052 -0.038346119 0.999226689 -0.008695580 -3.422346592 -0.224509701 -0.000135585 0.974471867 124.879981995
0.973340631 0.041093681 0.225652963 64.127716064 -0.041526739 0.999133408 -0.002829134 -3.439385414 -0.225573689 -0.006616920 0.974203646 125.711784363
0.972996473 0.044636339 0.226463079 64.308952332 -0.046130557 0.998934507 0.001307439 -3.456743956 -0.226163447 -0.011719002 0.974018872 126.536193848
0.972769618 0.043904040 0.227577969 64.491699219 -0.043912120 0.999022722 -0.005030161 -3.475790977 -0.227576390 -0.005100245 0.973746896 127.348159790
0.973009884 0.039597675 0.227340236 64.682479858 -0.036136571 0.999159157 -0.019367967 -3.495985746 -0.227915972 0.010629928 0.973622799 128.149337769
